1 1.097078e-03 3.174000e-02
2 2.869050e-04 9.617231e-02
3 1.071005e-03 1.195516e-02
4 7.481459e-04 1.054851e-02
5 1.676272e-05 3.954229e-03
6 2.934054e-03 1.781446e-01
7 5.276414e-03 2.497870e-01
8 1.233513e-03 5.661400e-02
9 4.635805e-06 3.160081e-03
10 2.324263e-03 1.608354e-01
11 7.153949e-06 9.087573e-03
12 1.389220e-03 1.756521e-02
13 4.465572e-03 1.387115e-01
14 3.220969e-05 5.547383e-03
15 2.334383e-03 5.627211e-02
16 5.878664e-03 1.376196e-01
17 1.457807e-05 7.116334e-03
18 3.998728e-04 1.508322e-02
19 6.933398e-04 5.784773e-02
20 2.318407e-06 5.047311e-03
21 5.519544e-03 2.979018e-01
22 1.112684e-03 3.464836e-02
23 3.901730e-05 5.695297e-03
24 2.183006e-03 3.252147e-02
25 5.621366e-04 3.371359e-02
26 2.204688e-03 4.006818e-02
27 9.943742e-05 2.177037e-02
28 9.212735e-07 4.179724e-03
29 5.188331e-03 9.199028e-02
30 1.285542e-02 4.106303e-01
31 1.400797e-04 3.254263e-02
32 6.911721e-05 2.099570e-02
33 5.027284e-06 3.109792e-03
34 2.604410e-07 2.778214e-03
35 6.989100e-04 1.078371e-02
36 4.229368e-03 1.461893e-01
37 6.459216e-04 6.483389e-02
38 3.250399e-05 2.174188e-02
39 3.443787e-06 2.808761e-03
40 2.385636e-04 8.592109e-03
41 9.398113e-04 4.884612e-02
42 2.206906e-04 1.877922e-02
43 4.874029e-04 3.809415e-02
44 2.274851e-03 3.715698e-02
45 3.695232e-04 9.146609e-03
46 3.761368e-05 9.116988e-03
47 3.325814e-03 4.583226e-02
48 1.140149e-05 3.196951e-03
49 3.298154e-04 8.556416e-03
50 2.983815e-03 1.122792e-01
51 9.158176e-04 5.109395e-02
52 1.382004e-04 7.990191e-03
53 3.698102e-05 3.302843e-03
54 7.967259e-04 1.277978e-02
55 5.630971e-06 3.677834e-03
56 2.485077e-02 1.568369e-01
57 6.619328e-05 2.265562e-02
58 5.708762e-05 1.988753e-02
59 7.615292e-04 2.404211e-02
60 5.081124e-05 1.099446e-02
61 4.480339e-03 2.393835e-01
62 2.454315e-04 2.354404e-02
63 2.539833e-06 3.871848e-03
64 1.190406e-05 2.973286e-03
65 1.672128e-03 9.518483e-02
66 6.153983e-07 2.847508e-03
67 9.500193e-05 7.064876e-03
68 1.925356e-06 4.117069e-03
69 3.955514e-05 5.931367e-03
70 3.344466e-06 1.072340e-02
71 1.096425e-04 2.154502e-02
72 1.263533e-05 4.273728e-03
73 5.270840e-06 3.060129e-03
74 3.073377e-03 4.006906e-02
75 1.624735e-05 3.877825e-03
76 6.119968e-06 2.940795e-03
77 6.226496e-06 4.222885e-03
78 9.767588e-04 4.721010e-02
79 3.769960e-03 1.451682e-01
80 7.330712e-06 9.000799e-03
81 6.604619e-07 2.798460e-03
82 3.531781e-04 6.526827e-03
83 3.569056e-05 4.215799e-03
84 3.647390e-04 2.009011e-02
85 5.823927e-03 2.383388e-01
86 7.294327e-05 2.736848e-02
87 1.945773e-06 4.042126e-03
88 2.045411e-05 1.027673e-02
89 1.774549e-03 1.727661e-01
90 5.465074e-05 1.706763e-02
91 3.578047e-04 1.411189e-02
92 1.588615e-02 2.287349e-01
93 6.632907e-04 4.965445e-02
94 6.571633e-06 4.344722e-03
95 1.035146e-03 1.986895e-02
96 2.353146e-06 3.932217e-03
97 3.321466e-05 6.437258e-03
98 3.484585e-05 6.019280e-03
99 3.424831e-04 1.351604e-02
100 5.693137e-03 1.820158e-01
101 2.853648e-05 5.022594e-03
102 4.018165e-05 5.200411e-03
103 5.887625e-04 8.050515e-02
104 8.340683e-06 1.131275e-02
105 2.102849e-04 3.123279e-02
106 2.972198e-05 5.923106e-03
107 1.174416e-05 4.237364e-03
108 1.174416e-05 4.237364e-03
109 4.881659e-06 3.255139e-03
110 2.463575e-05 1.152756e-02
111 4.178762e-04 2.236872e-02
112 5.882877e-05 1.411672e-02
113 1.779742e-03 5.945821e-02
114 1.134938e-02 1.615073e-01
115 3.648018e-03 1.115840e-01
116 6.779542e-04 1.155095e-01
117 2.401970e-04 6.199100e-02
118 1.509601e-02 2.755852e-01
119 9.071472e-05 6.660698e-03
120 2.197624e-04 7.782583e-03
121 4.023365e-04 2.756502e-02
122 1.691895e-03 1.314510e-02
123 2.915588e-05 4.457210e-03
124 5.836109e-04 1.640107e-02
125 7.884279e-05 4.904509e-03
126 9.760017e-05 1.033964e-02
127 1.100410e-04 1.260296e-02
128 5.836109e-04 1.640107e-02
129 8.748128e-05 5.466910e-03
130 1.960140e-04 4.530345e-03
131 2.382200e-04 7.823149e-03
132 3.284562e-03 4.249151e-02
133 8.206347e-04 1.401727e-02
134 1.302774e-03 5.815724e-02
135 3.829485e-05 7.337074e-03
136 9.702179e-05 8.763714e-03
137 3.541872e-03 5.546617e-02
138 8.999589e-05 9.167864e-03
139 8.999589e-05 9.167864e-03
140 3.282538e-05 5.729951e-03
141 3.282538e-05 5.729951e-03
142 3.282538e-05 5.729951e-03
143 2.992972e-05 4.786565e-03
144 8.999589e-05 9.167864e-03
145 9.483588e-05 7.555907e-03
146 3.585123e-06 2.872699e-03
147 1.016494e-04 8.244619e-03
148 3.282538e-05 5.729951e-03
149 3.062826e-05 4.352701e-03
150 2.978561e-05 6.137602e-03
151 1.198327e-05 3.576864e-03
152 1.325493e-05 5.560407e-03
153 2.402712e-04 9.318139e-03
154 2.687958e-05 4.416419e-03
155 3.282538e-05 5.729951e-03
156 2.402712e-04 9.318139e-03
157 3.285401e-05 4.929836e-03
158 7.440405e-04 1.652757e-02
159 9.702179e-05 8.763714e-03
160 1.132946e-04 7.977755e-03
161 1.078229e-04 7.942165e-03
162 1.747643e-05 5.664555e-03
163 1.747643e-05 5.664555e-03
164 1.747643e-05 5.664555e-03
165 1.747643e-05 5.664555e-03
166 1.747643e-05 5.664555e-03
167 4.036732e-05 5.922641e-03
168 4.036732e-05 5.922641e-03
169 1.068270e-04 1.384058e-02
170 5.197367e-05 7.733455e-03
171 9.710616e-05 5.234240e-03
172 4.066620e-05 4.334686e-03
173 1.200496e-04 8.455521e-03
174 4.401328e-04 1.843056e-02
175 1.416016e-04 1.242312e-02
176 1.200496e-04 8.455521e-03
177 1.200496e-04 8.455521e-03
178 3.831151e-05 4.470263e-03
179 3.882228e-04 1.883447e-02
180 1.200496e-04 8.455521e-03
181 1.082113e-03 2.926798e-02
182 1.082113e-03 2.926798e-02
183 1.200496e-04 8.455521e-03
184 3.882228e-04 1.883447e-02
185 2.851446e-03 3.671373e-02
186 3.718393e-04 1.754454e-02
187 1.230663e-04 9.903853e-03
188 4.339840e-04 1.896431e-02
189 4.072386e-04 1.156122e-02
190 4.085322e-04 2.497137e-02
191 4.553987e-04 3.563415e-02
192 1.315828e-04 1.254292e-02
193 9.280836e-04 2.665377e-02
194 1.340991e-04 7.268409e-03
195 1.484153e-04 8.845215e-03
196 1.438967e-04 1.234422e-02
197 5.261933e-05 6.417985e-03
198 5.387281e-05 7.570708e-03
199 1.315828e-04 1.254292e-02
200 3.175540e-04 1.540159e-02
201 1.553813e-05 4.840890e-03
202 1.315828e-04 1.254292e-02
203 1.152679e-04 1.221830e-02
204 3.932370e-05 5.871551e-03
205 1.553813e-05 4.840890e-03
206 4.708560e-05 1.211285e-02
207 1.520524e-05 7.892506e-03
208 4.799390e-05 6.960980e-03
209 4.811645e-05 6.490643e-03
210 1.553813e-05 4.840890e-03
211 1.152679e-04 1.221830e-02
212 3.694325e-04 1.000569e-02
213 3.321056e-04 2.362041e-02
214 7.782211e-05 4.535150e-03
215 3.667173e-04 1.466986e-02
216 3.330081e-04 2.127095e-02
217 2.997037e-04 1.258817e-02
218 2.997037e-04 1.258817e-02
219 2.997037e-04 1.258817e-02
220 1.040218e-04 8.126547e-03
221 9.280836e-04 2.665377e-02
222 2.119049e-03 5.157116e-02
223 1.191637e-04 2.018254e-02
224 8.822471e-05 7.266386e-03
225 8.302033e-05 5.520611e-03
226 8.268327e-05 5.016719e-03
227 8.268327e-05 5.016719e-03
228 7.292746e-04 1.822405e-02
229 2.627396e-04 1.403904e-02
230 7.292746e-04 1.822405e-02
231 2.133421e-03 6.981068e-02
232 2.133421e-03 6.981068e-02
233 2.458797e-04 1.016403e-02
234 8.302033e-05 5.520611e-03
235 6.741174e-04 2.314331e-02
236 2.304358e-04 6.842988e-03
237 6.741174e-04 2.314331e-02
238 8.302033e-05 5.520611e-03
239 8.302033e-05 5.520611e-03
240 8.302033e-05 5.520611e-03
241 2.276132e-04 1.041266e-02
242 8.302033e-05 5.520611e-03
243 1.008892e-04 7.680720e-03
244 2.978874e-05 4.542234e-03
245 6.741174e-04 2.314331e-02
246 6.741174e-04 2.314331e-02
247 6.741174e-04 2.314331e-02
248 2.458797e-04 1.016403e-02
249 2.304358e-04 6.842988e-03
250 8.302033e-05 5.520611e-03
251 8.302033e-05 5.520611e-03
252 2.918491e-04 1.266195e-02
253 1.092640e-04 6.608900e-03
254 9.205376e-05 5.564491e-03
255 9.205376e-05 5.564491e-03
256 8.268327e-05 5.016719e-03
257 6.741174e-04 2.314331e-02
258 3.096518e-03 5.331212e-02
259 1.071060e-03 7.678150e-02
260 1.826289e-05 1.197568e-02
261 1.301830e-04 2.600018e-02
262 4.795100e-05 1.377715e-02
263 1.223590e-03 6.968064e-02
264 1.272021e-03 4.333001e-02
265 4.660234e-04 4.575692e-02
266 4.762261e-04 2.707151e-02
267 3.732086e-04 2.114404e-02
268 1.370971e-05 5.824188e-03
269 2.751543e-04 1.682487e-02
270 6.114626e-05 2.346651e-02
271 5.897591e-06 1.085642e-02
272 3.834733e-05 1.167531e-02
273 5.518052e-05 1.994317e-02
274 1.537865e-04 2.088326e-02
275 5.274193e-05 2.369140e-02
276 1.643641e-05 1.101762e-02
277 3.143586e-04 1.614731e-02
278 1.335147e-04 2.570188e-02
279 2.834000e-04 1.821869e-02
280 5.518052e-05 1.994317e-02
281 1.152700e-04 1.472717e-02
282 3.599618e-05 6.527988e-03
283 4.315540e-05 1.186139e-02
284 1.612798e-05 1.420744e-02
285 3.478561e-03 9.550681e-02
286 1.604703e-04 3.389415e-02
287 1.144413e-03 1.134165e-01
288 5.184454e-05 2.166685e-02
289 4.494688e-04 4.119176e-02
290 1.247571e-03 4.386436e-02
291 4.762261e-04 2.707151e-02
292 1.271429e-03 2.786672e-02
293 3.476943e-03 5.321975e-02
294 1.537865e-04 2.088326e-02
295 4.908307e-03 7.478716e-02
296 6.929453e-03 8.568494e-02
297 6.388778e-03 1.134714e-01
298 6.388778e-03 1.134714e-01
299 1.011092e-03 8.636876e-02
300 8.348226e-04 1.505876e-02
301 7.215248e-03 1.846451e-01
302 2.205029e-03 4.403603e-02
303 2.385649e-04 5.904870e-03
304 2.670040e-04 6.489098e-03
305 2.385649e-04 5.904870e-03
306 6.523969e-04 1.094102e-02
307 6.861917e-04 1.166226e-02
308 6.861917e-04 1.166226e-02
309 2.502837e-04 6.639766e-03
310 2.701806e-04 8.447624e-03
311 6.861917e-04 1.166226e-02
312 2.385649e-04 5.904870e-03
313 3.877434e-05 5.406668e-03
314 2.502837e-04 6.639766e-03
315 3.082777e-04 1.534288e-02
316 7.120645e-04 1.989542e-02
317 4.396718e-06 3.155907e-03
318 1.058522e-05 3.087559e-03
319 7.042608e-04 1.309082e-02
320 8.230402e-04 1.585764e-02
321 3.056459e-04 1.256925e-02
322 2.629558e-04 6.601154e-03
323 2.204482e-03 4.733310e-02
324 2.254596e-04 1.080592e-02
325 2.720152e-04 7.945348e-03
326 2.318427e-04 2.473198e-02
327 6.817574e-04 4.363910e-02
328 6.386359e-04 8.615268e-02
329 7.528934e-04 5.684732e-02
330 4.175027e-03 8.408376e-02
331 9.222378e-03 8.809692e-02
332 6.954957e-04 4.387935e-02
333 6.055104e-04 2.400172e-02
334 6.125547e-04 2.160300e-02
335 2.085193e-04 2.710970e-02
336 5.483213e-04 1.993791e-02
337 4.876430e-03 9.900227e-02
338 1.575580e-03 5.147483e-02
339 1.103405e-04 4.666657e-03
340 4.432803e-05 4.320052e-03
341 3.504321e-05 3.604937e-03
342 1.221418e-04 7.118189e-03
343 1.383101e-04 6.015616e-03
344 1.324738e-03 4.613652e-02
345 5.800456e-06 3.159963e-03
346 4.417681e-04 2.400908e-02
347 4.740445e-04 4.180673e-02
348 1.737933e-04 1.211448e-02
349 9.774379e-04 2.342129e-02
350 4.384272e-04 2.619937e-02
351 1.480333e-04 1.441070e-02
352 4.421392e-05 5.982325e-03
353 1.309475e-04 9.503315e-03
354 3.813688e-05 5.989432e-03
355 3.504192e-05 4.554896e-03
356 5.221059e-06 3.159214e-03
357 3.270360e-04 9.089081e-03
358 1.128884e-04 9.889805e-03
359 1.512742e-04 7.668067e-03
360 3.703268e-04 8.006849e-03
361 3.633282e-04 9.177594e-03
362 1.733460e-04 1.863162e-02
363 1.480333e-04 1.441070e-02
364 4.421392e-05 5.982325e-03
365 3.633282e-04 9.177594e-03
366 3.633282e-04 9.177594e-03
367 3.713173e-04 1.698327e-02
368 9.774379e-04 2.342129e-02
369 4.204697e-04 1.321436e-02
370 1.356327e-04 3.850508e-02
371 5.090856e-05 1.888521e-02
372 6.649367e-03 1.094744e-01
373 6.303197e-04 3.206654e-02
374 5.233044e-03 1.414203e-01
375 2.728875e-04 2.629436e-02
376 1.365561e-04 1.642309e-02
377 3.816118e-04 1.767035e-02
378 4.245204e-04 2.216340e-02
379 7.804520e-04 1.686747e-02
380 1.035933e-04 5.625440e-03
381 1.016328e-04 8.561469e-03
382 7.883339e-04 1.338142e-02
383 1.019089e-04 7.777560e-03
384 2.840172e-04 9.714748e-03
385 1.282833e-03 1.000478e-01
386 1.728695e-03 1.659167e-01
387 3.927627e-03 4.976205e-02
388 4.565392e-03 4.179754e-02
389 1.347737e-02 1.179617e-01
390 2.254410e-03 3.530748e-02
391 3.687324e-03 6.354696e-02
392 7.226436e-03 1.074090e-01
393 4.179432e-03 4.643982e-02
394 3.994403e-03 6.520965e-02
395 4.870303e-03 9.068841e-02
396 5.310896e-05 8.360133e-03
397 1.444898e-05 4.898693e-03
398 4.243713e-04 1.401988e-02
399 1.484153e-04 8.845215e-03
400 1.484153e-04 8.845215e-03
401 5.310896e-05 8.360133e-03
402 5.310896e-05 8.360133e-03
403 1.484153e-04 8.845215e-03
404 1.484153e-04 8.845215e-03
405 1.107034e-04 7.250666e-03
406 3.428119e-04 1.165411e-02
407 5.310896e-05 8.360133e-03
408 1.226719e-04 1.053366e-02
409 6.714575e-03 2.394987e-01
410 4.792739e-05 6.343595e-03
411 5.310896e-05 8.360133e-03
412 1.484153e-04 8.845215e-03
413 4.474372e-05 6.228116e-03
414 5.310896e-05 8.360133e-03
415 5.387281e-05 7.570708e-03
416 1.715034e-05 6.186949e-03
417 1.715034e-05 6.186949e-03
418 3.327982e-03 6.209124e-02
419 1.863245e-03 6.270763e-02
420 1.019665e-04 3.482317e-02
421 3.093909e-04 7.934516e-03
422 1.414967e-04 1.423629e-02
423 6.225350e-06 5.875161e-03
424 3.428400e-04 1.129145e-02
425 4.792739e-05 6.343595e-03
426 9.580814e-04 1.377177e-02
427 3.428119e-04 1.165411e-02
428 1.927786e-05 7.394629e-03
429 1.927786e-05 7.394629e-03
430 1.927786e-05 7.394629e-03
431 5.387281e-05 7.570708e-03
432 6.225350e-06 5.875161e-03
433 1.484153e-04 8.845215e-03
434 1.927786e-05 7.394629e-03
435 5.387281e-05 7.570708e-03
436 1.484153e-04 8.845215e-03
437 1.484153e-04 8.845215e-03
438 1.927786e-05 7.394629e-03
439 3.428119e-04 1.165411e-02
440 3.292779e-05 2.678623e-02
441 6.225350e-06 5.875161e-03
442 1.176577e-02 3.030651e-01
443 4.582754e-03 5.455014e-02
444 1.137670e-02 2.815670e-01
445 2.245302e-03 5.557529e-02
446 1.587757e-05 4.033261e-03
447 1.259470e-04 6.716618e-03
448 3.761728e-05 3.684292e-03
449 1.372064e-05 3.031768e-03
450 3.499841e-05 4.974433e-03
451 8.455035e-04 1.422039e-02
452 3.274609e-04 1.236584e-02
453 2.954639e-04 8.549296e-03
454 1.197441e-04 6.425890e-03
455 1.256262e-04 7.186380e-03
456 1.346097e-05 3.531543e-03
457 1.311429e-05 3.445244e-03
458 4.593828e-05 4.531893e-03
459 2.449151e-03 5.795971e-02
460 1.058961e-03 3.382209e-02
461 3.274609e-04 1.236584e-02
462 9.666884e-04 3.216408e-02
463 1.485577e-04 8.488241e-03
464 4.593828e-05 4.531893e-03
465 4.593828e-05 4.531893e-03
466 4.593828e-05 4.531893e-03
467 1.280286e-04 5.228316e-03
468 1.197441e-04 6.425890e-03
469 4.593828e-05 4.531893e-03
470 4.425031e-05 4.383958e-03
471 1.259470e-04 6.716618e-03
472 4.593828e-05 4.531893e-03
473 4.593828e-05 4.531893e-03
474 1.259470e-04 6.716618e-03
475 3.444237e-04 1.316089e-02
476 1.022748e-04 8.336388e-03
477 1.301837e-04 1.565656e-02
478 2.188615e-04 7.238838e-03
479 2.533653e-04 8.595888e-03
480 9.204351e-04 2.046527e-02
481 1.017750e-03 5.328791e-02
482 3.765378e-05 5.501104e-03
483 3.765378e-05 5.501104e-03
484 8.787990e-05 5.222688e-03
485 3.682993e-05 6.475265e-03
486 3.858922e-05 4.956798e-03
487 9.349548e-04 2.957540e-02
488 2.772015e-03 3.075131e-02
489 5.767266e-03 1.857386e-01
490 9.567302e-05 7.239600e-03
491 1.094429e-04 8.134115e-03
492 5.491822e-06 6.424778e-03
493 3.888269e-05 7.006271e-03
494 2.533653e-04 8.595888e-03
495 3.684708e-05 7.972535e-03
496 3.498518e-05 5.124102e-03
497 4.071581e-05 8.132861e-03
498 7.141369e-04 1.144861e-02
499 1.271141e-03 3.542917e-02
500 3.714705e-05 6.871618e-03
