2 2.179739e-03 1.486244e-01
3 1.606948e-02 7.888401e-01
4 3.894097e-03 3.014669e-01
5 1.417063e-04 1.952329e-01
6 2.731476e-03 7.450422e-01
7 1.426257e-02 4.263275e-01
8 2.349843e-03 3.197163e-01
9 2.859870e-03 1.974740e-01
10 2.202411e-03 6.580064e-02
11 2.765656e-03 5.239037e-01
12 2.270620e-03 2.758553e-01
13 3.773342e-03 2.914619e-01
14 8.681307e-03 5.431976e-01
15 7.914060e-03 5.898635e-01
16 6.389524e-03 3.199696e-01
17 3.638752e-04 1.168732e-02
18 6.683506e-03 5.597779e-01
19 9.923856e-06 8.534794e-03
20 1.314027e-04 2.369820e-01
21 7.555588e-04 9.236434e-02
22 1.102177e-02 7.161539e-01
23 2.443465e-03 7.746030e-02
24 1.850063e-02 6.124175e-01
25 2.429614e-05 2.573843e-02
26 7.876864e-03 4.044992e-01
27 4.605913e-03 4.196153e-01
28 7.047738e-06 1.839491e-02
29 5.373087e-03 7.862019e-01
30 3.795528e-05 5.462249e-02
31 6.299803e-05 6.319223e-02
32 9.305960e-04 2.939016e-01
33 1.264258e-03 2.052416e-01
34 5.190109e-03 3.178950e-01
35 1.596751e-02 9.412079e-01
36 2.555270e-05 5.270292e-02
37 2.838032e-03 2.652014e-01
38 3.996951e-03 6.115959e-01
39 1.970470e-03 6.951521e-02
40 3.776224e-02 5.821910e-01
41 3.285579e-07 8.147129e-03
42 1.731462e-03 1.059936e-01
43 2.499301e-03 2.296154e-01
44 1.533189e-07 8.553034e-03
45 1.129394e-07 6.555662e-03
46 1.171703e-05 1.217181e-02
47 3.262866e-07 1.168106e-02
48 3.661747e-08 2.901975e-03
49 1.604348e-03 3.059964e-01
50 2.656028e-06 1.059839e-02
51 7.150248e-09 3.830359e-03
52 2.584164e-08 7.585048e-03
53 2.174593e-05 5.136632e-02
54 5.052135e-08 3.894550e-03
55 1.016005e-06 7.222039e-03
56 1.680971e-07 6.467960e-03
57 1.931761e-08 5.563560e-03
58 1.398478e-05 1.174700e-02
59 8.976964e-07 8.733091e-03
60 6.063657e-07 6.714565e-03
61 6.467316e-06 1.508460e-02
62 1.219116e-05 1.669725e-02
63 3.248909e-05 2.293551e-02
64 4.351947e-06 7.057301e-03
65 4.827877e-08 5.500928e-03
66 6.982539e-07 7.689676e-03
67 9.969933e-08 3.161951e-03
68 1.355928e-06 8.093582e-03
69 1.380582e-04 5.984427e-02
70 8.590567e-04 4.475395e-02
71 7.020089e-07 8.237022e-03
72 1.018829e-04 1.551784e-02
73 7.046626e-06 2.701181e-02
74 8.372786e-07 9.521902e-03
75 4.388111e-06 7.797593e-03
76 8.877231e-06 5.223184e-02
77 4.005556e-05 7.812864e-03
78 6.418650e-06 3.459259e-02
79 3.680609e-04 1.233825e-01
80 6.098485e-08 1.375124e-02
81 7.514315e-08 3.665927e-03
82 5.819406e-05 8.053408e-02
83 7.255126e-06 2.002573e-02
84 1.100069e-04 8.970706e-02
85 2.448779e-06 1.795607e-02
86 2.429916e-04 5.032872e-02
87 5.351268e-03 2.952833e-01
88 3.165545e-07 6.751004e-03
89 4.682276e-05 1.773225e-02
90 1.795768e-06 9.971456e-03
91 1.128930e-07 4.071563e-03
92 4.004051e-07 7.131013e-03
93 4.318436e-07 1.278305e-02
94 1.668142e-07 7.371141e-03
95 1.033534e-06 9.087699e-03
96 3.226215e-03 4.787874e-01
97 5.901566e-07 6.820081e-03
98 9.508805e-04 1.273106e-01
99 8.128322e-04 2.464037e-01
100 1.265554e-02 6.616420e-01
101 3.913339e-03 4.415761e-01
102 2.963717e-07 1.169787e-02
103 1.379624e-04 8.198207e-02
104 6.003522e-06 4.629267e-02
105 1.186902e-04 1.268568e-01
106 1.025043e-04 2.511276e-02
107 1.093754e-06 3.189237e-02
108 3.888069e-05 1.457513e-02
109 4.869029e-04 1.024119e-01
110 1.516720e-07 4.369770e-03
111 2.388838e-06 3.081511e-02
112 1.327697e-04 6.981637e-02
113 2.726786e-03 1.393117e-01
114 1.693314e-05 8.643319e-02
115 7.458514e-05 3.060920e-02
116 1.745504e-03 5.972791e-02
117 8.730862e-07 4.366229e-03
118 1.336557e-06 7.130815e-03
119 1.212569e-03 5.453964e-01
120 7.887393e-03 1.744809e-01
121 5.963737e-09 4.424862e-03
122 3.490268e-07 7.983888e-03
123 2.151476e-03 2.022390e-01
124 1.007208e-03 9.410808e-02
125 3.392498e-06 2.954882e-02
126 2.166196e-06 8.634816e-03
127 3.410628e-07 8.709320e-03
128 1.310993e-03 4.702599e-01
129 1.095136e-03 5.849215e-02
130 7.079241e-07 4.306814e-03
131 8.183405e-04 1.660183e-01
132 2.529763e-07 6.159859e-03
133 3.102111e-03 5.731175e-01
134 1.558206e-05 2.094219e-02
135 1.709611e-04 4.420741e-02
136 1.751675e-06 9.407758e-03
137 6.489848e-07 5.823530e-03
138 4.734863e-07 1.234906e-02
139 1.969181e-08 5.634716e-03
140 2.261253e-07 1.264930e-02
141 1.296363e-05 3.370266e-02
142 1.239743e-03 2.997017e-01
143 5.934031e-05 7.350340e-03
144 8.123678e-06 4.193214e-03
145 2.146156e-04 3.752379e-02
146 1.107442e-05 1.767141e-02
147 4.548982e-04 1.970642e-01
148 2.940542e-07 3.934783e-03
149 4.283157e-06 1.342516e-02
150 4.516494e-07 2.967243e-03
151 5.727836e-08 1.016309e-02
152 8.370508e-09 1.246958e-02
153 5.504448e-06 1.073920e-02
154 1.126465e-05 2.351447e-02
155 2.232724e-07 4.776902e-03
156 3.811003e-04 1.372485e-01
157 2.588819e-07 4.105362e-03
158 2.257247e-07 9.927907e-03
159 7.870180e-07 5.515162e-03
160 2.531041e-05 1.464964e-02
161 1.837494e-06 8.213473e-03
162 3.653876e-05 2.072749e-02
163 2.666316e-04 6.357609e-02
164 5.633443e-04 8.470409e-02
165 9.519046e-05 1.442122e-02
166 2.957575e-07 4.505036e-03
167 3.186334e-07 4.033074e-03
168 1.494263e-05 2.356392e-02
169 8.691546e-04 1.193196e-01
170 7.045995e-04 4.774410e-02
171 2.037671e-05 3.998907e-02
172 6.381436e-03 5.259611e-02
173 1.074590e-05 3.574046e-03
174 1.744416e-04 5.499895e-03
175 3.923476e-08 3.613811e-03
176 2.100642e-03 3.305556e-01
177 8.140604e-08 8.245857e-03
178 1.625216e-04 2.736411e-02
179 1.646522e-04 1.914795e-02
180 4.355457e-07 4.540453e-03
181 1.155728e-03 9.579648e-02
182 1.520723e-04 1.202869e-02
183 1.706059e-06 1.137960e-02
184 4.382745e-03 3.726431e-01
185 1.176534e-05 1.339950e-02
186 3.732318e-07 1.299176e-02
187 5.764671e-03 2.618426e-01
188 4.704212e-05 1.894537e-02
189 2.268346e-09 3.307091e-03
190 2.294528e-06 1.368738e-02
191 3.491540e-06 2.493942e-02
192 2.085926e-04 2.578979e-02
193 9.522857e-06 4.785621e-02
194 2.085926e-04 2.578979e-02
195 1.858589e-04 6.064735e-02
196 1.543373e-07 7.770361e-03
197 8.701720e-04 1.359447e-01
198 6.834344e-04 1.236951e-01
199 6.081694e-04 1.874172e-01
200 6.605913e-04 7.377333e-02
201 9.553412e-08 5.297333e-03
202 6.319385e-04 6.701503e-02
203 3.601996e-03 3.470577e-01
204 2.241248e-07 3.554288e-03
205 5.930896e-03 1.864403e-01
206 3.187558e-10 8.527746e-03
207 2.848655e-04 2.301506e-01
208 9.358134e-05 7.206600e-02
209 1.439029e-03 1.392976e-01
210 3.019158e-04 1.971640e-01
211 1.485397e-03 3.414519e-02
212 6.157399e-04 4.940310e-02
213 1.533868e-05 1.320982e-02
214 2.634779e-04 3.629799e-02
215 6.856353e-09 4.066112e-03
216 1.035250e-05 6.645561e-03
217 1.718589e-06 3.384529e-02
218 5.566231e-06 1.349706e-02
219 1.355329e-07 6.080100e-03
220 2.461173e-04 2.851675e-02
221 1.442123e-05 3.413645e-02
222 5.105596e-04 8.411312e-02
223 1.013721e-04 3.860420e-02
224 1.371450e-06 3.108731e-03
225 4.673185e-05 3.636169e-02
226 2.802981e-09 3.754696e-03
227 3.704404e-05 4.109928e-02
228 1.262326e-05 1.556943e-02
229 4.879399e-03 5.093605e-01
230 1.918816e-03 3.024193e-01
231 5.518418e-06 1.430644e-02
232 1.035423e-03 1.633938e-01
233 7.627742e-06 2.336182e-02
234 1.585716e-05 1.600228e-02
235 3.341172e-05 1.628772e-02
236 3.876355e-03 2.518987e-01
237 5.058332e-08 3.753084e-03
238 7.177116e-06 1.860112e-02
239 1.197297e-05 1.493700e-02
240 9.518330e-05 7.524941e-02
241 1.351735e-03 1.976157e-01
242 7.396776e-06 1.324815e-02
243 2.474431e-07 6.474207e-03
244 5.354134e-06 4.843722e-03
245 7.383161e-06 1.303618e-02
246 6.901677e-05 1.877998e-02
247 3.865822e-06 7.272128e-03
248 2.649699e-03 5.888900e-02
249 1.589498e-05 6.856837e-02
250 6.821834e-05 5.725568e-02
251 5.553188e-06 7.936004e-03
252 1.289822e-03 3.599052e-01
253 1.928252e-04 2.924311e-02
254 1.165288e-03 1.095700e-01
255 1.087174e-06 1.632772e-02
256 1.212059e-07 3.225472e-03
257 2.345561e-04 3.522805e-02
258 3.106390e-04 4.695074e-02
259 4.115568e-08 4.634632e-03
260 2.046148e-04 1.788613e-02
261 8.246115e-05 1.276701e-02
262 1.220785e-08 3.500312e-03
263 1.351234e-05 1.950892e-02
264 2.937766e-05 4.599811e-02
265 2.514157e-04 2.470708e-02
266 4.586253e-05 2.532709e-02
267 5.267880e-06 1.242730e-02
268 7.662003e-06 4.655661e-03
269 3.976974e-07 8.044116e-03
270 4.222722e-10 4.708418e-03
271 1.777636e-03 1.902284e-01
272 2.193887e-05 1.240040e-02
273 5.090764e-05 1.598582e-02
274 3.513965e-03 4.075237e-02
275 3.781097e-04 1.744074e-02
276 1.634045e-07 2.856962e-03
277 5.261735e-06 1.913449e-02
278 1.047110e-05 1.506168e-02
279 5.012778e-06 5.179761e-03
280 1.473910e-03 2.096963e-01
281 9.760961e-05 6.787601e-02
282 8.847261e-03 5.781537e-02
283 1.158708e-03 1.518645e-01
284 2.758149e-06 1.352166e-02
285 1.283678e-03 5.089272e-02
286 2.007917e-06 8.244587e-03
287 7.605775e-04 1.631429e-02
288 4.781666e-06 1.096210e-02
289 1.402335e-06 7.775656e-03
290 5.124471e-06 1.873140e-02
291 3.047184e-06 3.751038e-02
292 2.035208e-04 6.549641e-02
293 7.191277e-08 3.987516e-03
294 7.201200e-08 8.934462e-03
295 7.213237e-06 1.024364e-02
296 3.365766e-05 5.212388e-02
297 2.217262e-06 8.914353e-03
298 3.789530e-07 3.962854e-03
299 1.962961e-06 7.756233e-03
300 4.180703e-06 8.743154e-03
301 2.015848e-02 7.833313e-01
302 2.739886e-05 6.729361e-03
303 1.342425e-03 1.873553e-01
304 1.063150e-05 4.353512e-03
305 2.127798e-04 4.989147e-02
306 4.717520e-05 6.231196e-03
307 4.449930e-03 3.125750e-01
308 5.348783e-04 1.330188e-01
309 5.974920e-04 9.624096e-02
310 6.999874e-05 4.795242e-02
311 1.138216e-03 2.337375e-02
312 2.375909e-04 7.394476e-02
313 7.231735e-04 8.844274e-02
314 1.460892e-05 4.728642e-03
315 6.269231e-06 5.763577e-02
316 8.557646e-03 5.376662e-01
317 6.186122e-04 8.862225e-02
318 1.074194e-03 2.519656e-01
319 3.828244e-03 1.893593e-01
320 1.839172e-04 8.773808e-03
321 5.504354e-05 1.311561e-02
322 4.029107e-07 7.764852e-03
323 2.767582e-03 8.848395e-01
324 7.978051e-07 5.697636e-03
325 4.506087e-05 1.154128e-02
326 3.645864e-06 6.330936e-03
327 3.627229e-05 9.777113e-03
328 6.645183e-05 4.652306e-02
329 5.278273e-03 3.345492e-01
330 1.468582e-07 2.887859e-03
331 2.460598e-04 9.621029e-02
332 2.556749e-05 1.521700e-02
333 9.071489e-05 2.324897e-02
334 4.305996e-06 9.699516e-03
335 1.388429e-06 1.133059e-02
336 4.708204e-05 2.089130e-02
337 2.219808e-07 4.471488e-03
338 1.863034e-02 3.171880e-01
339 1.350558e-03 3.286797e-02
340 1.275474e-05 8.352189e-02
341 2.170195e-03 8.128113e-02
342 1.288549e-04 6.558403e-02
343 1.070147e-07 4.848257e-03
344 7.393908e-04 1.732097e-01
345 4.126159e-04 1.005032e-01
346 3.028875e-04 2.130313e-01
347 6.087118e-10 3.687315e-03
348 1.437550e-03 1.443394e-01
349 7.182835e-05 1.441272e-02
350 2.283210e-08 5.734262e-03
351 6.375721e-03 4.269178e-01
352 3.078085e-06 1.863707e-02
353 7.907549e-09 3.640446e-03
354 1.050402e-03 1.087710e-01
355 1.202574e-04 4.408559e-02
356 2.507594e-05 9.457214e-03
357 2.174626e-04 1.200529e-01
358 4.727081e-08 7.065846e-03
359 5.094533e-07 5.739789e-03
360 1.965914e-06 3.824413e-03
361 5.372081e-05 1.427685e-02
362 2.166739e-05 8.728538e-02
363 3.515350e-03 2.238421e-01
364 3.447957e-04 1.487916e-01
365 9.678338e-06 8.866111e-02
366 6.659122e-06 8.898138e-03
367 6.245746e-05 8.588344e-03
368 2.128382e-03 3.871354e-01
369 1.063245e-06 7.577913e-03
370 8.083251e-04 1.172568e-01
371 5.627740e-04 3.080574e-02
372 4.239238e-03 7.293569e-01
373 2.971439e-05 1.561446e-02
374 7.060196e-08 8.879101e-03
375 8.109580e-09 4.669666e-03
376 1.977438e-05 1.227718e-02
377 7.602442e-04 7.709264e-02
378 5.043730e-06 1.050647e-02
379 1.457775e-05 3.365026e-02
380 2.661410e-04 1.691566e-01
381 2.568918e-04 7.455930e-02
382 5.054704e-06 5.992529e-03
383 2.451283e-03 7.216199e-02
384 4.657914e-05 8.417342e-03
385 1.000328e-03 1.432937e-01
386 1.303028e-05 6.447347e-03
387 9.593285e-05 6.166872e-02
388 9.867670e-07 3.552425e-02
389 5.398776e-05 1.684821e-02
390 1.022217e-07 5.585254e-03
391 1.832376e-05 2.042907e-02
392 2.721532e-03 3.112210e-01
393 4.906801e-09 3.315634e-03
394 9.768422e-04 2.509184e-01
395 5.201165e-06 1.803651e-02
396 1.551783e-06 1.754567e-02
397 3.731538e-05 1.603615e-02
398 1.014570e-06 5.491074e-03
399 1.557037e-05 7.198112e-03
400 8.459691e-05 3.250009e-02
401 5.374619e-08 4.406132e-03
402 4.465085e-05 2.933639e-02
403 5.656620e-05 6.305490e-02
404 5.582392e-06 1.686213e-02
405 2.875685e-07 7.149494e-03
406 2.710880e-05 1.180521e-02
407 9.873045e-05 3.453637e-02
408 1.616983e-04 1.518776e-01
409 2.485810e-05 3.109324e-02
410 8.368720e-05 1.339731e-02
411 1.185233e-05 1.971139e-02
412 4.345920e-05 2.779704e-02
413 4.785421e-04 5.147507e-02
414 3.174131e-05 1.348459e-02
415 1.751775e-08 4.025184e-03
416 2.041575e-03 9.288885e-02
417 4.091363e-05 8.270176e-03
418 2.162702e-03 8.755838e-02
419 2.078922e-03 1.820766e-01
420 1.103985e-05 7.491523e-03
421 4.692869e-06 2.052238e-02
422 8.554926e-04 1.079820e-01
423 2.907968e-04 2.282168e-02
424 7.273609e-06 9.556379e-03
425 2.562405e-04 3.905860e-02
426 2.140153e-06 1.370797e-02
427 1.963045e-05 1.202132e-01
428 4.473320e-06 2.201315e-02
429 4.279460e-05 3.110143e-02
430 6.411630e-06 8.594707e-03
431 7.401396e-08 3.436717e-03
432 4.452890e-05 7.934371e-03
433 8.079082e-10 3.548911e-03
434 6.797481e-06 1.408935e-02
435 1.148043e-03 5.037970e-02
436 1.327885e-06 3.591184e-03
437 4.247255e-03 1.129829e-01
438 7.859548e-10 3.500348e-03
439 6.383721e-07 4.526351e-03
440 9.075864e-06 1.179933e-02
441 2.999463e-04 4.041078e-02
442 4.452284e-08 6.260523e-03
443 4.642841e-06 7.796781e-03
444 6.351416e-04 5.676057e-02
445 3.982397e-05 5.366041e-02
446 5.398634e-05 6.758838e-03
447 1.056706e-06 5.171968e-03
448 1.199024e-02 2.234095e-01
449 2.706112e-07 4.058487e-03
450 6.443529e-06 1.583777e-02
451 1.981336e-07 4.985324e-03
452 5.415785e-04 4.755659e-01
453 1.112168e-05 2.968034e-02
454 6.253751e-04 9.186933e-02
455 1.678705e-03 5.061797e-02
456 6.826879e-03 3.689032e-01
457 5.447064e-04 5.306830e-02
458 2.422091e-04 6.308655e-02
459 9.461165e-06 1.522397e-01
460 4.920583e-04 4.249825e-02
461 2.425224e-06 1.026210e-02
462 2.267629e-07 6.132872e-03
463 5.789674e-04 2.978410e-02
464 1.925218e-07 3.502948e-02
465 4.256679e-06 1.838706e-02
466 4.395637e-04 2.109088e-02
467 3.312138e-07 2.212717e-02
468 1.222722e-10 3.298350e-03
469 8.063004e-04 7.321273e-02
470 2.580266e-04 3.754019e-02
471 4.232905e-07 6.533788e-03
472 3.380084e-05 1.317048e-02
473 8.331796e-04 1.689654e-01
474 1.689032e-04 1.945686e-02
475 6.273802e-05 6.130981e-03
476 7.001787e-07 4.453084e-03
477 1.471364e-04 1.889010e-02
478 9.347934e-08 4.429363e-03
479 2.574526e-07 9.107141e-03
480 2.772864e-05 1.119258e-02
481 2.099850e-04 7.754843e-03
482 4.707570e-08 6.122224e-03
483 6.742887e-08 6.062534e-03
484 3.292409e-07 5.814518e-03
485 8.308630e-05 3.597917e-02
486 1.279614e-03 5.468744e-02
487 1.357767e-03 1.103404e-01
488 2.062588e-05 3.611846e-02
489 3.887412e-03 1.534765e-01
490 1.191439e-04 3.434922e-02
491 3.046018e-03 1.495125e-01
492 9.504745e-05 1.019521e-01
493 2.676134e-06 4.449577e-03
494 8.335766e-03 6.145920e-01
495 1.694213e-03 8.014005e-02
496 9.002367e-07 1.119529e-02
497 1.958486e-04 1.611865e-01
498 5.695859e-07 7.046557e-03
499 7.148681e-07 8.493069e-03
500 2.174041e-07 9.322118e-03
501 2.806686e-03 8.400537e-02
