2 2.343854e-03 1.705822e-01
3 6.837337e-03 8.641066e-01
4 3.285633e-03 3.234030e-01
5 1.215360e-04 1.963700e-01
6 6.696720e-03 7.913841e-01
7 6.311777e-03 5.191631e-01
8 5.212606e-03 3.460927e-01
9 1.256796e-03 2.115559e-01
10 2.139509e-03 8.468551e-02
11 7.481020e-03 5.665716e-01
12 2.560367e-03 3.231290e-01
13 3.616449e-03 3.374390e-01
14 8.318497e-03 5.912466e-01
15 7.869705e-03 6.605262e-01
16 6.870598e-03 3.843351e-01
17 9.246701e-04 1.797766e-02
18 6.572941e-03 6.507727e-01
19 1.784654e-06 8.597776e-03
20 1.375091e-04 2.388745e-01
21 1.967916e-03 1.257177e-01
22 1.206743e-02 8.316667e-01
23 6.628312e-03 1.219925e-01
24 3.170488e-03 6.766403e-01
25 6.094908e-05 2.612387e-02
26 3.406764e-03 4.591086e-01
27 1.245886e-02 4.906743e-01
28 3.731198e-05 1.851655e-02
29 1.329278e-02 9.029956e-01
30 1.869241e-05 5.496786e-02
31 4.430578e-06 6.334859e-02
32 5.279579e-03 3.096503e-01
33 1.223173e-03 2.159887e-01
34 4.954709e-03 3.903546e-01
35 1.266444e-02 1.055890e+00
36 1.639778e-04 5.405585e-02
37 1.080833e-03 2.846824e-01
38 4.124944e-03 6.927135e-01
39 1.713655e-03 8.179312e-02
40 1.544896e-02 7.150540e-01
41 8.159830e-07 8.153161e-03
42 4.043666e-03 1.446028e-01
43 1.620168e-02 3.143565e-01
44 4.036380e-07 8.555380e-03
45 1.350929e-07 6.556991e-03
46 7.965775e-05 1.253579e-02
47 8.590049e-07 1.168605e-02
48 1.609189e-08 2.902156e-03
49 1.718001e-03 3.202310e-01
50 1.308054e-06 1.062256e-02
51 7.927030e-09 3.830432e-03
52 2.827603e-08 7.585262e-03
53 1.017243e-05 5.146641e-02
54 2.463735e-08 3.895171e-03
55 1.141706e-06 7.234831e-03
56 1.664632e-07 6.469274e-03
57 2.142500e-08 5.563765e-03
58 9.513297e-05 1.232181e-02
59 2.419669e-06 8.749374e-03
60 6.329172e-07 6.720299e-03
61 3.925771e-05 1.523677e-02
62 1.842985e-04 1.778431e-02
63 2.210105e-04 2.427089e-02
64 5.480458e-06 7.158559e-03
65 1.222515e-07 5.501893e-03
66 3.484156e-07 7.697407e-03
67 1.121026e-07 3.163603e-03
68 3.652566e-06 8.112783e-03
69 1.551390e-04 6.158253e-02
70 1.519386e-04 4.912723e-02
71 8.397106e-07 8.245284e-03
72 2.544261e-04 1.814709e-02
73 2.127244e-05 2.718817e-02
74 1.001514e-06 9.531755e-03
75 1.324688e-05 7.907413e-03
76 9.260296e-06 5.230210e-02
77 1.852463e-05 8.197072e-03
78 1.828402e-05 3.473172e-02
79 9.920787e-04 1.300585e-01
80 3.002181e-08 1.375180e-02
81 1.902775e-07 3.667430e-03
82 1.650389e-04 8.211124e-02
83 2.057561e-05 2.022236e-02
84 6.526131e-04 9.239747e-02
85 3.751452e-05 1.809003e-02
86 1.455523e-03 5.959518e-02
87 1.360680e-02 4.174599e-01
88 2.517366e-08 6.752873e-03
89 2.038761e-05 1.814648e-02
90 5.421086e-06 1.001640e-02
91 3.042941e-07 4.073611e-03
92 4.400054e-07 7.138081e-03
93 1.951857e-07 1.278773e-02
94 4.224071e-07 7.374476e-03
95 2.580982e-06 9.114371e-03
96 8.696003e-03 5.373057e-01
97 1.308660e-06 6.828503e-03
98 2.661097e-03 1.744103e-01
99 4.316111e-03 2.775120e-01
100 1.323558e-02 8.074927e-01
101 4.338473e-03 4.816410e-01
102 7.988462e-07 1.170324e-02
103 7.763548e-04 8.781128e-02
104 1.812350e-05 4.644292e-02
105 2.924192e-04 1.292993e-01
106 2.907033e-04 2.789080e-02
107 1.377378e-06 3.191782e-02
108 3.777024e-05 1.490851e-02
109 5.490351e-04 1.125491e-01
110 2.744839e-08 4.370472e-03
111 1.105448e-06 3.084335e-02
112 1.497120e-04 7.258059e-02
113 1.202455e-03 1.615133e-01
114 3.064423e-06 8.651150e-02
115 7.120228e-05 3.165049e-02
116 1.615857e-03 6.949339e-02
117 1.580041e-07 4.370266e-03
118 6.927053e-07 7.154813e-03
119 1.206104e-03 5.531978e-01
120 3.219627e-03 2.036461e-01
121 7.510204e-09 4.425001e-03
122 6.744174e-08 7.986233e-03
123 9.956073e-04 2.276786e-01
124 4.660909e-04 1.060176e-01
125 9.017957e-06 2.963017e-02
126 2.435687e-06 8.670704e-03
127 2.320116e-06 8.723339e-03
128 1.352974e-03 4.968663e-01
129 1.230628e-03 7.228077e-02
130 2.007680e-06 4.326000e-03
131 2.204426e-03 1.776067e-01
132 3.025985e-07 6.162836e-03
133 8.356393e-03 6.170460e-01
134 9.957995e-05 2.165551e-02
135 2.044958e-04 4.621939e-02
136 2.044510e-06 9.441974e-03
137 3.196153e-07 5.829435e-03
138 2.080779e-07 1.235139e-02
139 2.212811e-08 5.634964e-03
140 9.711862e-08 1.265051e-02
141 1.438663e-05 3.389094e-02
142 7.922799e-03 3.564550e-01
143 6.668199e-05 8.097481e-03
144 9.011706e-06 4.294523e-03
145 9.219374e-05 3.908201e-02
146 4.757307e-06 1.775181e-02
147 1.058095e-03 2.041295e-01
148 3.261983e-07 3.938450e-03
149 4.770158e-06 1.347589e-02
150 7.157713e-08 2.968657e-03
151 4.028321e-09 1.016323e-02
152 1.308238e-09 1.246962e-02
153 2.091170e-06 1.075766e-02
154 4.970926e-06 2.357548e-02
155 2.476791e-07 4.779686e-03
156 2.601663e-03 1.503056e-01
157 4.655596e-08 4.107005e-03
158 4.921193e-07 9.930828e-03
159 3.220859e-07 5.519595e-03
160 7.086023e-05 1.532793e-02
161 4.609522e-06 8.242624e-03
162 3.823675e-05 2.125373e-02
163 6.688697e-04 6.780603e-02
164 5.526673e-04 8.819916e-02
165 2.387940e-04 1.593136e-02
166 7.419347e-07 4.509728e-03
167 3.095331e-07 4.035806e-03
168 3.748496e-05 2.380097e-02
169 2.180354e-03 1.331082e-01
170 4.460888e-03 7.266119e-02
171 5.724976e-05 4.044714e-02
172 2.963508e-03 1.171163e-01
173 1.058103e-05 3.695179e-03
174 1.226828e-05 5.932852e-03
175 4.352365e-08 3.614300e-03
176 5.269652e-03 3.638809e-01
177 1.444904e-08 8.246218e-03
178 1.305218e-05 2.793401e-02
179 2.564285e-05 2.001109e-02
180 1.092606e-06 4.547362e-03
181 1.278158e-03 1.162850e-01
182 3.999679e-04 1.639672e-02
183 4.205812e-06 1.142317e-02
184 1.095351e-02 4.511063e-01
185 1.305145e-05 1.354622e-02
186 1.527445e-07 1.299386e-02
187 2.543866e-03 2.930690e-01
188 1.121370e-04 1.943075e-02
189 3.592670e-10 3.307097e-03
190 1.613715e-07 1.369307e-02
191 8.758847e-06 2.499481e-02
192 2.046392e-04 2.708393e-02
193 6.697315e-07 4.787984e-02
194 2.046392e-04 2.708393e-02
195 1.176691e-03 6.721997e-02
196 3.331871e-07 7.772966e-03
197 8.453195e-04 1.434061e-01
198 1.714458e-03 1.345373e-01
199 1.491040e-03 1.977354e-01
200 1.657154e-03 8.425319e-02
201 9.280562e-08 5.298152e-03
202 3.801769e-03 8.231581e-02
203 3.533727e-03 3.694050e-01
204 1.917946e-07 3.556293e-03
205 4.171130e-04 2.011606e-01
206 7.814889e-10 8.527751e-03
207 1.803511e-03 2.402244e-01
208 1.599171e-05 7.235128e-02
209 1.486297e-03 1.571224e-01
210 7.402025e-04 2.022863e-01
211 4.158587e-03 7.395235e-02
212 6.830486e-04 5.708190e-02
213 3.847847e-05 1.345316e-02
214 6.523535e-04 3.994182e-02
215 1.810795e-08 4.066329e-03
216 5.640421e-05 7.013378e-03
217 4.527238e-06 3.387826e-02
218 1.341071e-05 1.365380e-02
219 1.329641e-07 6.080941e-03
220 2.677735e-04 3.146444e-02
221 9.094448e-05 3.529530e-02
222 9.062100e-05 8.637787e-02
223 1.128520e-04 3.969491e-02
224 1.326881e-06 3.120389e-03
225 5.184027e-05 3.694448e-02
226 4.975109e-10 3.754708e-03
227 4.109346e-05 4.156125e-02
228 3.402498e-05 1.579839e-02
229 9.180703e-04 5.294062e-01
230 1.807939e-03 3.235498e-01
231 1.062403e-06 1.432641e-02
232 9.318956e-04 1.770064e-01
233 7.977342e-06 2.344973e-02
234 1.759057e-05 1.620003e-02
235 7.593855e-05 1.736871e-02
236 1.031238e-02 3.142078e-01
237 4.555351e-08 3.753874e-03
238 1.800445e-05 1.871498e-02
239 3.003528e-05 1.512695e-02
240 2.213550e-04 7.808894e-02
241 3.797790e-03 2.280026e-01
242 1.618202e-05 1.332595e-02
243 3.396658e-06 6.483752e-03
244 1.343133e-05 4.928662e-03
245 8.190241e-06 1.312826e-02
246 4.369518e-04 2.122065e-02
247 9.606738e-06 7.364037e-03
248 4.199227e-04 6.718759e-02
249 2.821256e-06 6.863888e-02
250 4.797717e-06 5.742499e-02
251 6.160226e-06 8.005257e-03
252 1.265376e-03 3.679074e-01
253 2.139036e-04 3.164780e-02
254 1.292670e-03 1.241021e-01
255 1.206017e-06 1.634127e-02
256 1.268384e-07 3.227217e-03
257 4.244809e-05 3.631268e-02
258 1.966686e-03 5.793602e-02
259 3.998025e-08 4.634985e-03
260 2.240269e-04 2.003058e-02
261 2.068613e-04 1.407521e-02
262 1.354233e-08 3.500465e-03
263 8.554790e-05 1.998676e-02
264 1.174065e-05 4.634858e-02
265 6.640006e-04 3.267028e-02
266 1.150503e-04 2.605467e-02
267 1.321496e-05 1.251087e-02
268 3.334163e-06 4.711646e-03
269 4.104328e-07 8.052188e-03
270 4.318714e-10 4.708424e-03
271 3.144046e-04 1.992780e-01
272 5.102028e-05 1.305488e-02
273 3.223012e-04 1.778609e-02
274 1.545187e-03 6.351961e-02
275 1.532254e-04 2.046881e-02
276 2.928204e-08 2.858107e-03
277 2.260316e-06 1.917269e-02
278 1.095770e-05 1.521249e-02
279 1.765439e-06 5.210389e-03
280 8.650645e-03 3.102373e-01
281 9.358736e-05 6.852364e-02
282 1.601106e-03 9.872670e-02
283 5.292176e-04 1.632688e-01
284 3.221204e-06 1.359107e-02
285 1.247527e-03 6.282801e-02
286 3.088849e-05 8.368902e-03
287 3.519613e-04 2.530758e-02
288 1.199525e-05 1.103796e-02
289 1.468927e-06 7.787443e-03
290 1.117224e-05 1.879770e-02
291 3.188789e-06 3.755426e-02
292 8.247489e-05 6.712630e-02
293 2.769179e-08 3.987833e-03
294 5.064520e-09 8.934641e-03
295 1.232639e-06 1.026563e-02
296 3.476321e-05 5.254079e-02
297 3.119590e-05 9.083783e-03
298 2.665133e-08 3.963795e-03
299 8.997217e-07 7.772232e-03
300 1.587656e-06 8.767922e-03
301 3.855412e-03 9.016097e-01
302 6.873254e-05 7.164027e-03
303 1.489170e-03 2.040965e-01
304 9.219640e-06 4.412846e-03
305 9.846502e-05 5.240744e-02
306 4.741345e-05 7.493355e-03
307 4.192796e-03 3.615788e-01
308 2.772146e-04 1.426226e-01
309 1.081293e-04 9.900387e-02
310 4.905547e-06 4.814432e-02
311 5.147675e-04 3.819043e-02
312 1.478205e-03 8.757806e-02
313 1.814147e-03 9.991543e-02
314 3.601421e-05 5.101753e-03
315 6.090179e-06 5.768952e-02
316 1.332763e-03 5.825274e-01
317 1.731896e-03 1.052004e-01
318 1.098613e-03 2.686553e-01
319 3.861212e-03 2.775345e-01
320 7.900645e-05 1.010914e-02
321 1.541025e-04 1.459072e-02
322 7.220148e-08 7.767677e-03
323 1.752183e-02 9.827108e-01
324 7.750194e-07 5.704476e-03
325 3.157888e-06 1.166481e-02
326 8.286363e-06 6.448894e-03
327 9.099236e-05 1.035255e-02
328 4.536476e-04 4.879981e-02
329 1.294066e-02 4.240998e-01
330 5.951290e-08 2.889035e-03
331 2.391303e-04 9.849809e-02
332 2.441246e-05 1.537515e-02
333 4.157911e-05 2.398838e-02
334 1.080198e-05 9.767828e-03
335 3.155638e-06 1.137551e-02
336 1.181096e-04 2.163823e-02
337 4.017230e-08 4.472515e-03
338 6.955404e-03 4.189066e-01
339 1.324961e-03 4.124705e-02
340 1.334746e-05 8.370558e-02
341 7.643164e-04 9.454069e-02
342 7.562732e-04 7.437372e-02
343 2.659363e-07 4.850801e-03
344 8.044507e-04 1.820652e-01
345 1.592429e-04 1.021509e-01
346 1.288744e-04 2.144500e-01
347 1.445015e-09 3.687320e-03
348 1.486210e-03 1.536376e-01
349 4.004307e-04 1.678891e-02
350 2.532795e-08 5.734546e-03
351 7.921241e-03 5.460112e-01
352 1.326958e-06 1.865738e-02
353 8.771951e-09 3.640545e-03
354 2.600726e-03 1.232979e-01
355 3.241441e-04 4.626687e-02
356 4.538043e-06 9.573170e-03
357 5.743291e-04 1.269406e-01
358 2.195234e-08 7.066324e-03
359 4.949030e-07 5.744158e-03
360 3.345561e-07 3.830031e-03
361 1.220973e-04 1.601492e-02
362 1.154608e-04 8.799176e-02
363 1.520398e-03 2.482137e-01
364 8.453305e-04 1.546414e-01
365 1.757715e-06 8.869938e-02
366 1.197541e-06 8.940400e-03
367 4.392561e-06 8.743361e-03
368 2.362012e-03 4.180471e-01
369 1.179472e-06 7.591173e-03
370 3.688924e-04 1.316065e-01
371 8.764612e-05 3.375593e-02
372 1.803736e-03 7.492127e-01
373 2.082399e-06 1.569592e-02
374 7.831970e-08 8.879981e-03
375 8.996067e-09 4.669767e-03
376 8.092633e-06 1.238856e-02
377 4.813180e-03 1.039775e-01
378 2.064139e-06 1.053488e-02
379 3.656961e-05 3.388152e-02
380 1.483690e-03 1.779609e-01
381 6.189290e-04 8.179310e-02
382 2.339091e-06 6.052297e-03
383 9.312560e-04 8.038194e-02
384 5.167087e-05 8.998223e-03
385 4.540094e-04 1.546400e-01
386 3.268766e-05 6.654064e-03
387 4.439344e-05 6.280305e-02
388 6.939817e-08 3.552670e-02
389 1.354332e-04 1.770470e-02
390 4.125650e-08 5.586065e-03
391 2.032679e-05 2.065758e-02
392 6.738331e-03 3.488591e-01
393 9.847940e-10 3.315684e-03
394 8.884090e-04 2.623148e-01
395 5.769723e-06 1.810138e-02
396 2.790644e-07 1.755552e-02
397 9.360906e-05 1.662814e-02
398 3.854407e-07 5.494476e-03
399 5.915271e-06 7.250325e-03
400 5.031588e-04 3.585987e-02
401 5.962137e-08 4.406802e-03
402 1.827329e-05 2.958788e-02
403 2.146653e-05 6.352268e-02
404 2.439304e-06 1.690565e-02
405 3.190036e-07 7.153080e-03
406 9.547388e-06 1.197084e-02
407 2.476744e-04 3.610267e-02
408 4.270528e-04 1.569991e-01
409 3.885106e-06 3.120921e-02
410 1.519871e-05 1.372821e-02
411 2.152541e-06 1.975826e-02
412 1.778561e-05 2.804181e-02
413 5.007803e-04 5.836715e-02
414 5.708190e-06 1.368603e-02
415 1.943268e-08 4.025402e-03
416 9.265906e-04 1.160457e-01
417 1.026356e-04 8.919245e-03
418 2.100934e-03 1.061028e-01
419 2.314349e-03 2.044447e-01
420 2.533965e-05 7.786030e-03
421 5.087771e-06 2.058643e-02
422 1.865124e-03 1.190498e-01
423 2.852853e-04 2.462583e-02
424 1.824651e-05 9.671770e-03
425 2.610033e-04 4.348222e-02
426 9.193585e-07 1.372351e-02
427 1.242823e-04 1.209074e-01
428 4.556466e-06 2.209037e-02
429 5.721388e-04 3.336771e-02
430 1.608416e-05 8.696423e-03
431 7.611437e-08 3.438501e-03
432 8.087041e-06 8.110438e-03
433 8.962235e-10 3.548921e-03
434 7.540538e-06 1.417412e-02
435 2.879970e-03 6.859268e-02
436 9.177400e-08 3.596868e-03
437 8.311637e-04 1.359981e-01
438 7.635075e-10 3.500355e-03
439 1.787217e-06 4.543459e-03
440 8.903849e-06 1.185564e-02
441 6.975448e-04 4.935882e-02
442 1.116896e-07 6.261229e-03
443 1.299832e-05 7.921204e-03
444 1.422342e-03 6.435471e-02
445 4.650987e-05 5.466267e-02
446 5.104705e-05 7.274876e-03
447 1.172218e-06 5.185146e-03
448 1.330094e-02 3.729379e-01
449 7.679243e-07 4.068537e-03
450 7.147894e-06 1.591813e-02
451 2.037564e-07 4.990099e-03
452 1.344206e-03 4.926763e-01
453 5.079616e-06 2.978980e-02
454 2.686462e-04 9.640986e-02
455 4.115657e-03 7.909870e-02
456 2.755315e-03 4.230869e-01
457 5.028173e-04 5.576265e-02
458 1.653492e-03 7.138503e-02
459 6.653927e-07 1.522631e-01
460 2.113765e-04 4.607084e-02
461 2.504886e-06 1.029215e-02
462 2.524425e-07 6.135312e-03
463 2.452767e-04 3.626410e-02
464 7.742708e-08 3.503129e-02
465 4.721991e-06 1.844014e-02
466 4.876139e-04 2.657261e-02
467 3.418202e-07 2.213389e-02
468 5.342856e-11 3.298351e-03
469 3.462983e-04 7.755366e-02
470 4.985795e-05 3.927377e-02
471 4.695619e-07 6.539067e-03
472 1.466364e-05 1.333532e-02
473 2.245769e-03 1.840779e-01
474 1.029532e-03 2.391321e-02
475 1.386409e-04 7.322512e-03
476 7.767177e-07 4.461816e-03
477 6.021533e-05 1.971883e-02
478 2.345015e-07 4.430845e-03
479 1.435254e-06 9.115658e-03
480 2.647100e-05 1.157971e-02
481 2.369453e-04 1.066339e-02
482 4.979885e-08 6.122508e-03
483 1.132341e-08 6.062870e-03
484 3.652314e-07 5.818624e-03
485 1.811427e-04 3.705408e-02
486 2.027925e-04 5.869506e-02
487 6.283138e-04 1.263950e-01
488 3.745934e-06 3.620001e-02
489 9.751930e-03 2.151478e-01
490 9.568496e-06 3.476701e-02
491 1.072771e-03 1.681232e-01
492 5.298732e-04 1.050964e-01
493 6.713328e-06 4.492032e-03
494 9.126594e-03 7.019544e-01
495 1.879414e-03 1.012683e-01
496 1.629176e-07 1.119945e-02
497 4.801592e-04 1.645092e-01
498 3.606103e-06 7.066700e-03
499 1.817712e-06 8.509391e-03
500 2.539032e-07 9.327590e-03
501 3.072961e-03 1.134206e-01
