1 3.303631e-03 6.583707e-02
2 6.035977e-06 9.765262e-02
3 2.494951e-03 3.659085e-02
4 2.481836e-04 1.695639e-02
5 2.864467e-06 4.111683e-03
6 8.280613e-03 2.795786e-01
7 1.385799e-02 4.193880e-01
8 1.741140e-04 6.659857e-02
9 3.086435e-07 3.199137e-03
10 6.552956e-03 2.302668e-01
11 1.420725e-05 9.311136e-03
12 2.173532e-04 3.023157e-02
13 2.122840e-03 2.012468e-01
14 3.399231e-07 5.686111e-03
15 1.570235e-04 6.919731e-02
16 2.326151e-03 2.064220e-01
17 3.920723e-07 7.215915e-03
18 7.018854e-05 1.897992e-02
19 5.961603e-04 6.885347e-02
20 2.318671e-08 5.073376e-03
21 1.355079e-02 5.716133e-01
22 2.886373e-03 7.714165e-02
23 2.952634e-06 5.891174e-03
24 4.207373e-04 4.744395e-02
25 5.481482e-04 4.133807e-02
26 1.253286e-03 8.478821e-02
27 2.339909e-04 2.455937e-02
28 5.317331e-06 4.275962e-03
29 1.099245e-02 2.975219e-01
30 1.275972e-02 6.606601e-01
31 1.633602e-04 3.486968e-02
32 8.526262e-04 2.614263e-02
33 2.245774e-06 3.182988e-03
34 1.594668e-08 2.780002e-03
35 3.204112e-04 2.132914e-02
36 7.173342e-03 3.353714e-01
37 2.915761e-05 6.728307e-02
38 2.489337e-05 2.235390e-02
39 1.074205e-06 2.835231e-03
40 2.108924e-04 1.216496e-02
41 4.796542e-03 1.048649e-01
42 6.255558e-06 2.014569e-02
43 8.582146e-03 9.948077e-02
44 3.993352e-04 5.047657e-02
45 1.260495e-03 2.848421e-02
46 1.430380e-05 9.743822e-03
47 3.403318e-03 1.367751e-01
48 1.832382e-06 3.259102e-03
49 2.436071e-03 3.232973e-02
50 8.699274e-03 2.436509e-01
51 1.110911e-03 6.560180e-02
52 1.373521e-04 9.450161e-03
53 8.923995e-05 5.342856e-03
54 5.152271e-05 1.852349e-02
55 2.070746e-06 3.727555e-03
56 9.911997e-03 3.243202e-01
57 4.830770e-04 2.882801e-02
58 9.093195e-06 2.061855e-02
59 3.270365e-04 3.630684e-02
60 3.843898e-04 1.755404e-02
61 1.001270e-02 4.427903e-01
62 1.239850e-03 3.563696e-02
63 2.480462e-06 3.958273e-03
64 4.436326e-06 3.386515e-03
65 7.403596e-04 1.553801e-01
66 6.716649e-07 2.858564e-03
67 1.343393e-05 8.708162e-03
68 2.261836e-07 4.150500e-03
69 1.429899e-05 6.662076e-03
70 7.373076e-06 1.082635e-02
71 7.281508e-04 3.561678e-02
72 1.412823e-05 5.149580e-03
73 2.645889e-06 3.107620e-03
74 1.201428e-03 8.515392e-02
75 2.386333e-06 3.994601e-03
76 4.382305e-05 3.218046e-03
77 6.970392e-06 4.410668e-03
78 8.772837e-03 1.278135e-01
79 8.967640e-03 2.632334e-01
80 1.541973e-06 9.100515e-03
81 6.219711e-07 2.813594e-03
82 1.247286e-04 9.520963e-03
83 7.886166e-06 4.677922e-03
84 1.573006e-04 2.360200e-02
85 2.629064e-03 3.209950e-01
86 1.782565e-04 4.088507e-02
87 2.434076e-06 4.104082e-03
88 9.719665e-06 1.064223e-02
89 6.192385e-05 1.865306e-01
90 2.177987e-05 1.797083e-02
91 3.859215e-04 2.583218e-02
92 5.401478e-03 5.696065e-01
93 8.056350e-04 1.001563e-01
94 1.969470e-05 4.600662e-03
95 2.608456e-03 6.802579e-02
96 7.617248e-06 4.080790e-03
97 6.986153e-05 8.118717e-03
98 7.510999e-05 7.173036e-03
99 2.227124e-03 3.915846e-02
100 1.429142e-02 4.110467e-01
101 1.479417e-05 5.823891e-03
102 7.188061e-06 5.586218e-03
103 4.772975e-04 1.001021e-01
104 1.608654e-04 1.230959e-02
105 1.524886e-03 5.044686e-02
106 6.195222e-06 6.569199e-03
107 9.058475e-07 4.334550e-03
108 8.557963e-07 4.343007e-03
109 2.229683e-06 3.423451e-03
110 1.118252e-05 1.231416e-02
111 2.709559e-05 2.484579e-02
112 3.783785e-04 2.228969e-02
113 2.329301e-03 1.145855e-01
114 1.968448e-03 2.664051e-01
115 3.752256e-03 2.330876e-01
116 4.117958e-03 1.670268e-01
117 2.578427e-04 6.911987e-02
118 1.235219e-02 5.503805e-01
119 3.021792e-04 8.194213e-03
120 6.367259e-04 1.349855e-02
121 1.280182e-03 3.927886e-02
122 5.138445e-03 4.544222e-02
123 7.789853e-05 4.962549e-03
124 6.484896e-04 2.325262e-02
125 6.257490e-04 7.131040e-03
126 1.099548e-04 1.110480e-02
127 1.242900e-04 1.449365e-02
128 1.741525e-03 2.696320e-02
129 6.943099e-04 7.937393e-03
130 2.116753e-04 7.130285e-03
131 2.903263e-04 1.042944e-02
132 8.528726e-03 1.114575e-01
133 8.154112e-04 2.686360e-02
134 1.471469e-03 8.054114e-02
135 9.943678e-05 8.141152e-03
136 2.519277e-04 1.080088e-02
137 3.860008e-03 1.035291e-01
138 9.697178e-05 1.134486e-02
139 2.331680e-04 1.207116e-02
140 3.536979e-05 6.523994e-03
141 3.536979e-05 6.523994e-03
142 8.504641e-05 6.788908e-03
143 8.834144e-05 5.482583e-03
144 2.650477e-04 1.233702e-02
145 1.024132e-04 8.813816e-03
146 1.481519e-06 2.912286e-03
147 1.097711e-04 9.592902e-03
148 1.487790e-05 6.063956e-03
149 2.948195e-05 4.728034e-03
150 1.350014e-05 6.440677e-03
151 1.294073e-05 3.735811e-03
152 5.477478e-06 5.706768e-03
153 2.618526e-04 1.257860e-02
154 2.929393e-05 4.781173e-03
155 1.487790e-05 6.063956e-03
156 2.618526e-04 1.257860e-02
157 3.580500e-05 5.375663e-03
158 2.245464e-03 3.511310e-02
159 8.084676e-04 1.414997e-02
160 3.159048e-04 9.631043e-03
161 7.453865e-04 1.166687e-02
162 1.208157e-04 6.268273e-03
163 1.659156e-05 5.899702e-03
164 4.335779e-05 5.961718e-03
165 1.659156e-05 5.899702e-03
166 1.659156e-05 5.899702e-03
167 1.067875e-04 6.917971e-03
168 1.067875e-04 6.917971e-03
169 8.411738e-04 2.066370e-02
170 4.934213e-05 8.432766e-03
171 8.880034e-05 6.514641e-03
172 1.075782e-04 5.337385e-03
173 8.794382e-04 1.481408e-02
174 3.224248e-03 4.174268e-02
175 1.704006e-04 1.382459e-02
176 1.444653e-04 9.643686e-03
177 1.444653e-04 9.643686e-03
178 1.750523e-05 4.722384e-03
179 4.671797e-04 2.267682e-02
180 4.084451e-04 1.132141e-02
181 2.862616e-03 5.594944e-02
182 1.321264e-03 4.034948e-02
183 1.278768e-04 9.615529e-03
184 2.903633e-03 4.135245e-02
185 3.431374e-03 6.493531e-02
186 9.962515e-04 2.936795e-02
187 1.319083e-04 1.114498e-02
188 4.232214e-04 2.309515e-02
189 1.758717e-04 1.362825e-02
190 4.351684e-04 2.891891e-02
191 5.672575e-04 4.428112e-02
192 2.755980e-05 1.358473e-02
193 4.148771e-04 3.725303e-02
194 2.276114e-05 8.618275e-03
195 1.577255e-04 1.287478e-02
196 1.792417e-04 1.507649e-02
197 1.558205e-04 8.793229e-03
198 1.595324e-04 1.000253e-02
199 6.551895e-05 1.501965e-02
200 1.583062e-04 1.805739e-02
201 7.736892e-06 5.133358e-03
202 6.551895e-05 1.501965e-02
203 2.414268e-05 1.313094e-02
204 1.838848e-05 7.027676e-03
205 7.736892e-06 5.133358e-03
206 2.347299e-05 1.250665e-02
207 7.571137e-06 8.178708e-03
208 1.520327e-06 7.165026e-03
209 2.395860e-05 7.396320e-03
210 7.736892e-06 5.133358e-03
211 2.446465e-05 1.286105e-02
212 1.093993e-03 2.668192e-02
213 1.831967e-04 2.680492e-02
214 1.853348e-04 5.726056e-03
215 1.725868e-04 2.010801e-02
216 2.503086e-05 2.314844e-02
217 5.933043e-05 1.445765e-02
218 8.875064e-04 2.611684e-02
219 3.185044e-04 2.072530e-02
220 7.923170e-06 8.592970e-03
221 1.837268e-04 3.244294e-02
222 3.791102e-04 6.385731e-02
223 1.562702e-04 2.289898e-02
224 3.515355e-05 8.249702e-03
225 4.370494e-06 5.982367e-03
226 1.109249e-05 5.539546e-03
227 7.290064e-05 6.227682e-03
228 9.231255e-05 2.299575e-02
229 7.915133e-05 1.712772e-02
230 5.786130e-04 2.953206e-02
231 1.673559e-03 1.255014e-01
232 4.264876e-03 1.469388e-01
233 2.246727e-04 1.454267e-02
234 7.585987e-05 6.999043e-03
235 6.159752e-04 3.514804e-02
236 2.105609e-04 1.094661e-02
237 6.159752e-04 3.514804e-02
238 7.585987e-05 6.999043e-03
239 3.187492e-05 6.274950e-03
240 3.187492e-05 6.274950e-03
241 2.079817e-04 1.446602e-02
242 6.925822e-05 7.177294e-03
243 2.451907e-04 1.018105e-02
244 1.186946e-05 4.874247e-03
245 2.338831e-04 3.223655e-02
246 6.159752e-04 3.514804e-02
247 6.159752e-04 3.514804e-02
248 6.140856e-04 1.865034e-02
249 2.105609e-04 1.094661e-02
250 7.585987e-05 6.999043e-03
251 7.585987e-05 6.999043e-03
252 2.666773e-04 1.785922e-02
253 9.984007e-05 8.554682e-03
254 8.411417e-05 7.203791e-03
255 1.999678e-04 9.461662e-03
256 2.868672e-05 6.132043e-03
257 6.159752e-04 3.514804e-02
258 7.890373e-03 1.275526e-01
259 4.423505e-04 9.412393e-02
260 1.268268e-06 1.212890e-02
261 1.430010e-04 2.841484e-02
262 8.770077e-06 1.421908e-02
263 2.237904e-04 8.095757e-02
264 8.833557e-05 5.400188e-02
265 1.810154e-04 5.053720e-02
266 7.467952e-05 3.389361e-02
267 9.064851e-04 3.407735e-02
268 1.653337e-05 6.198563e-03
269 2.959636e-04 2.161044e-02
270 4.246305e-06 2.397950e-02
271 5.172846e-06 1.096578e-02
272 1.489508e-05 1.206866e-02
273 1.009233e-05 2.045173e-02
274 2.812703e-05 2.230060e-02
275 9.646322e-06 2.417749e-02
276 6.384324e-06 1.118621e-02
277 1.146718e-04 2.057715e-02
278 9.271934e-06 2.682203e-02
279 3.869496e-04 2.792525e-02
280 1.009233e-05 2.045173e-02
281 5.156496e-05 1.610271e-02
282 4.340998e-05 7.510946e-03
283 2.996929e-06 1.222345e-02
284 2.949754e-06 1.435608e-02
285 8.114961e-03 1.774183e-01
286 7.806065e-05 3.554054e-02
287 2.093093e-04 1.239637e-01
288 1.496678e-04 2.521630e-02
289 7.878788e-05 4.955332e-02
290 8.663762e-05 5.433110e-02
291 2.175576e-04 3.378331e-02
292 5.302887e-04 4.721790e-02
293 6.422006e-04 8.376784e-02
294 1.689285e-04 2.373572e-02
295 5.728221e-03 1.931907e-01
296 6.699128e-03 2.648754e-01
297 1.562353e-02 2.788575e-01
298 1.157608e-03 1.651566e-01
299 1.845685e-04 9.802838e-02
300 9.438610e-04 3.288068e-02
301 8.388037e-03 2.711250e-01
302 2.425947e-03 7.996514e-02
303 1.113679e-04 8.111178e-03
304 1.258748e-04 8.755916e-03
305 1.113679e-04 8.111178e-03
306 1.195088e-04 1.573671e-02
307 1.256995e-04 1.670637e-02
308 1.256995e-04 1.670637e-02
309 1.168385e-04 8.954452e-03
310 1.840627e-05 1.040260e-02
311 1.256995e-04 1.670637e-02
312 4.228590e-05 7.688987e-03
313 4.383876e-05 6.234429e-03
314 1.168385e-04 8.954452e-03
315 4.742429e-05 1.955837e-02
316 2.101820e-03 4.005969e-02
317 6.763747e-07 3.216029e-03
318 1.876243e-06 3.166721e-03
319 1.248311e-04 1.835766e-02
320 3.404523e-04 2.732599e-02
321 2.082238e-05 1.478085e-02
322 2.966516e-04 1.392022e-02
323 2.631251e-03 1.307167e-01
324 7.966588e-04 1.596981e-02
325 5.043109e-05 1.044923e-02
326 2.764479e-04 2.879961e-02
327 1.748444e-03 6.381629e-02
328 7.794775e-04 1.070333e-01
329 8.112449e-04 7.740317e-02
330 3.819736e-03 1.904033e-01
331 9.938065e-03 2.254701e-01
332 4.249793e-03 7.479725e-02
333 6.524999e-04 3.302118e-02
334 1.570966e-03 3.973207e-02
335 2.247011e-04 3.021572e-02
336 1.406232e-03 3.616594e-02
337 4.985452e-03 2.298882e-01
338 4.342479e-03 1.578187e-01
339 9.059010e-04 9.588821e-03
340 1.418305e-06 4.466482e-03
341 2.695992e-06 3.740790e-03
342 1.506027e-04 8.955086e-03
343 4.100584e-04 9.008494e-03
344 1.786628e-03 5.742918e-02
345 1.235751e-06 3.195362e-03
346 2.240096e-04 2.690548e-02
347 1.009923e-04 4.469979e-02
348 9.847680e-05 1.338637e-02
349 5.613747e-04 3.750327e-02
350 9.340420e-05 2.887506e-02
351 3.153757e-05 1.531413e-02
352 9.419502e-06 6.252159e-03
353 7.520745e-05 1.138988e-02
354 7.909603e-06 6.309993e-03
355 2.012573e-05 5.059747e-03
356 1.112314e-06 3.191077e-03
357 4.293387e-04 1.530417e-02
358 3.346576e-04 1.443344e-02
359 2.039993e-04 9.930312e-03
360 2.849049e-05 9.442501e-03
361 1.562742e-04 1.163195e-02
362 3.693029e-05 1.968954e-02
363 3.153757e-05 1.531413e-02
364 9.419502e-06 6.252159e-03
365 1.001551e-03 2.314060e-02
366 2.408222e-03 3.075350e-02
367 1.617053e-04 2.347224e-02
368 5.613747e-04 3.750327e-02
369 4.870187e-04 2.160700e-02
370 1.625294e-04 4.159826e-02
371 6.115402e-05 1.933637e-02
372 1.070083e-03 1.887237e-01
373 4.729158e-03 8.056884e-02
374 1.514755e-02 3.544051e-01
375 3.274202e-04 3.134681e-02
376 1.038477e-03 3.816156e-02
377 5.140597e-04 2.430977e-02
378 5.718608e-04 2.954936e-02
379 2.439740e-05 2.091454e-02
380 2.169745e-05 6.445641e-03
381 9.190164e-05 9.702231e-03
382 5.328560e-03 4.762224e-02
383 6.854957e-06 8.341817e-03
384 1.415875e-04 1.209007e-02
385 4.228356e-04 1.190088e-01
386 6.374715e-04 1.784941e-01
387 1.464256e-03 7.510100e-02
388 5.512184e-03 9.916707e-02
389 6.836713e-03 2.727694e-01
390 4.975536e-03 1.630220e-01
391 1.880923e-04 8.844962e-02
392 8.354915e-03 2.123693e-01
393 1.555363e-03 7.738874e-02
394 5.354829e-04 1.075993e-01
395 2.891364e-04 1.193248e-01
396 2.459188e-05 9.979413e-03
397 4.695644e-05 5.435567e-03
398 5.301394e-04 2.632447e-02
399 7.516897e-05 1.099853e-02
400 7.516897e-05 1.099853e-02
401 7.177980e-05 9.702879e-03
402 2.689848e-05 9.130675e-03
403 7.516897e-05 1.099853e-02
404 2.026438e-04 1.392850e-02
405 1.511526e-04 1.104230e-02
406 1.736264e-04 1.662787e-02
407 3.015774e-05 9.638691e-03
408 1.652482e-04 1.266795e-02
409 1.363399e-03 3.290555e-01
410 6.477660e-05 7.555337e-03
411 3.015774e-05 9.638691e-03
412 5.389707e-04 1.508466e-02
413 5.589541e-05 7.525455e-03
414 7.251409e-05 1.017914e-02
415 1.956393e-04 9.835543e-03
416 2.341680e-05 6.774355e-03
417 2.341680e-05 6.774355e-03
418 1.262769e-03 1.520145e-01
419 3.130876e-04 8.720197e-02
420 4.078091e-05 3.622174e-02
421 1.437392e-04 1.666250e-02
422 1.772184e-04 2.430909e-02
423 7.796975e-06 6.318329e-03
424 4.293920e-04 3.569738e-02
425 1.580367e-04 9.149929e-03
426 1.199955e-03 8.197523e-02
427 1.021931e-03 3.751450e-02
428 2.414466e-05 8.766972e-03
429 1.004148e-05 8.306925e-03
430 1.004148e-05 8.306925e-03
431 1.180368e-05 8.643105e-03
432 7.796975e-06 6.318329e-03
433 4.893874e-04 1.753550e-02
434 2.390017e-05 8.340987e-03
435 6.747331e-05 1.140578e-02
436 4.893874e-04 1.753550e-02
437 4.893874e-04 1.753550e-02
438 2.414466e-05 8.766972e-03
439 1.130394e-03 3.172707e-02
440 1.715147e-05 2.834449e-02
441 3.242669e-06 6.169767e-03
442 9.851238e-03 4.099596e-01
443 2.099895e-03 1.012032e-01
444 1.237267e-02 4.040242e-01
445 9.271659e-04 7.301370e-02
446 1.670415e-05 4.291186e-03
447 1.466322e-04 8.182369e-03
448 2.565348e-06 3.805251e-03
449 1.597409e-05 3.191446e-03
450 5.816929e-06 5.236255e-03
451 3.614114e-04 1.960459e-02
452 5.369601e-05 1.363820e-02
453 8.186705e-04 1.560521e-02
454 5.171315e-05 7.033677e-03
455 5.496635e-05 8.687101e-03
456 2.474744e-06 3.620696e-03
457 2.387431e-06 3.535979e-03
458 8.250838e-06 4.702347e-03
459 4.751672e-04 7.126472e-02
460 1.690453e-04 4.015475e-02
461 5.881429e-05 1.358089e-02
462 6.592430e-05 3.527248e-02
463 1.729565e-04 1.021713e-02
464 1.983909e-05 4.765063e-03
465 2.224297e-05 4.897444e-03
466 8.250838e-06 4.702347e-03
467 6.199051e-05 6.247097e-03
468 5.797920e-05 7.378747e-03
469 8.250838e-06 4.702347e-03
470 7.354646e-06 4.714993e-03
471 5.567560e-05 7.778256e-03
472 5.348308e-05 5.066515e-03
473 7.532814e-06 4.710387e-03
474 2.262096e-05 7.183945e-03
475 1.324860e-04 1.507119e-02
476 6.636275e-04 1.408931e-02
477 1.372543e-04 1.732200e-02
478 3.777087e-03 2.506155e-02
479 6.907801e-04 1.511014e-02
480 2.509492e-03 4.413049e-02
481 2.704119e-03 7.386995e-02
482 3.707209e-05 6.058927e-03
483 3.707209e-05 6.058927e-03
484 1.494432e-05 5.614483e-03
485 1.004138e-04 7.422196e-03
486 6.649144e-06 5.144762e-03
487 2.190747e-03 5.792062e-02
488 4.215308e-04 4.657809e-02
489 5.285635e-03 2.370110e-01
490 3.792512e-05 8.174057e-03
491 8.891319e-04 1.505799e-02
492 1.389860e-05 6.691068e-03
493 2.652808e-04 1.200937e-02
494 1.456726e-03 2.960091e-02
495 2.118526e-04 1.102731e-02
496 2.532916e-06 5.231907e-03
497 9.825224e-05 1.025717e-02
498 4.516392e-05 1.455617e-02
499 5.044519e-04 4.465746e-02
500 6.187267e-06 7.062508e-03
