2 6.645539e-04 7.248001e-02
3 4.623487e-03 3.640969e-01
4 2.382965e-04 1.775836e-01
5 7.914009e-04 1.861512e-01
6 5.298104e-03 5.807576e-01
7 1.877849e-03 1.248055e-01
8 4.445787e-03 1.791473e-01
9 2.128128e-03 5.029029e-02
10 8.040689e-05 4.554400e-03
11 4.584906e-03 1.839482e-01
12 4.257475e-03 9.589275e-02
13 1.186844e-02 1.924996e-01
14 3.728186e-03 2.455078e-01
15 1.133998e-02 1.487909e-01
16 2.016403e-03 1.258063e-01
17 6.884789e-06 7.716387e-03
18 2.090839e-03 2.382501e-01
19 3.985723e-05 5.313728e-03
20 2.734111e-03 1.271375e-01
21 1.671526e-04 4.922148e-02
22 3.703573e-03 2.552640e-01
23 6.162816e-04 2.499071e-02
24 1.397167e-02 2.890078e-01
25 5.477777e-04 2.319911e-02
26 6.463037e-03 1.694271e-01
27 3.571139e-03 2.261743e-01
28 1.284371e-04 1.042653e-02
29 7.020938e-03 4.500177e-01
30 7.707802e-04 3.975307e-02
31 2.476952e-04 5.019468e-02
32 1.569463e-03 6.342993e-02
33 1.283425e-03 6.955931e-02
34 5.887743e-04 6.020226e-02
35 1.112517e-02 3.923991e-01
36 6.980896e-05 5.155663e-02
37 1.746805e-03 1.376369e-01
38 1.518779e-02 2.922812e-01
39 4.535257e-05 6.069032e-02
40 6.700147e-03 2.549077e-01
41 7.968165e-06 7.666058e-03
42 2.891999e-04 5.953410e-02
43 1.521963e-03 8.935030e-02
44 8.935516e-06 8.362854e-03
45 2.567431e-06 6.332096e-03
46 4.363942e-05 8.638164e-03
47 2.105620e-05 1.104831e-02
48 3.816781e-07 2.887947e-03
49 2.526504e-03 1.284175e-01
50 8.368951e-06 1.027477e-02
51 1.120839e-06 3.789814e-03
52 1.466165e-06 7.558798e-03
53 6.630623e-04 3.108166e-02
54 2.381674e-06 3.798235e-03
55 7.173625e-06 6.970641e-03
56 7.566884e-06 6.314661e-03
57 2.952972e-06 5.493636e-03
58 2.170094e-05 9.151219e-03
59 8.052290e-06 8.325872e-03
60 2.484609e-06 6.544745e-03
61 2.418722e-05 1.358707e-02
62 5.977062e-05 1.232007e-02
63 5.237492e-05 8.444346e-03
64 4.419038e-05 4.922124e-03
65 1.818615e-05 5.367632e-03
66 6.487619e-06 7.537805e-03
67 3.825978e-07 3.122791e-03
68 1.556568e-05 7.355657e-03
69 4.175403e-04 4.519487e-02
70 3.452520e-04 1.717664e-02
71 1.782619e-05 7.456232e-03
72 4.337942e-05 8.193963e-03
73 2.895904e-05 2.347466e-02
74 8.355486e-06 9.062301e-03
75 4.736357e-05 6.382370e-03
76 1.600756e-04 4.116819e-02
77 6.794658e-06 4.505114e-03
78 1.324336e-05 3.403174e-02
79 9.037796e-04 6.523459e-02
80 2.284117e-05 1.358254e-02
81 4.852235e-06 3.486947e-03
82 5.946112e-04 6.980204e-02
83 5.624552e-05 1.118630e-02
84 5.722867e-04 5.524743e-02
85 2.651482e-05 1.598168e-02
86 1.345993e-04 1.275296e-02
87 1.328209e-03 4.907371e-02
88 1.181112e-06 6.566580e-03
89 4.664117e-05 1.642007e-02
90 2.205175e-05 9.348168e-03
91 9.765537e-07 4.040170e-03
92 9.981162e-07 7.076164e-03
93 8.089283e-06 1.252904e-02
94 3.168722e-06 7.309618e-03
95 5.201060e-05 8.331504e-03
96 1.938516e-03 3.211577e-01
97 1.817299e-05 6.599232e-03
98 6.249996e-04 5.908610e-02
99 1.778710e-03 2.067537e-01
100 6.849137e-03 2.275832e-01
101 2.211525e-02 2.341353e-01
102 2.038481e-05 1.082928e-02
103 1.738277e-03 6.529354e-02
104 2.286231e-04 4.433402e-02
105 2.255259e-04 7.622343e-02
106 5.739137e-05 1.644552e-02
107 9.982160e-06 3.157641e-02
108 2.178715e-04 1.031504e-02
109 3.302811e-04 8.276495e-02
110 2.641165e-06 4.302014e-03
111 5.131113e-05 3.018428e-02
112 6.411433e-04 4.500755e-02
113 7.860439e-04 8.957840e-02
114 8.665877e-04 7.699522e-02
115 4.923080e-05 2.501352e-02
116 1.795829e-04 3.296579e-02
117 3.168919e-06 4.074767e-03
118 2.105613e-05 6.704670e-03
119 9.993947e-04 2.378236e-01
120 2.494754e-05 3.971068e-02
121 1.158720e-06 4.408076e-03
122 1.260059e-06 7.773532e-03
123 2.572065e-03 1.275451e-01
124 5.315460e-04 5.817816e-02
125 2.376006e-05 2.919200e-02
126 1.934453e-05 6.918086e-03
127 1.331393e-06 8.583301e-03
128 4.798122e-03 2.377091e-01
129 3.443640e-04 3.362190e-02
130 2.790744e-06 4.087388e-03
131 4.419484e-04 1.017699e-01
132 1.490689e-05 5.724949e-03
133 9.686808e-03 3.528366e-01
134 5.855917e-05 1.914567e-02
135 3.175942e-04 1.073733e-02
136 1.855578e-05 8.596817e-03
137 2.506268e-06 5.261076e-03
138 4.674566e-06 1.209923e-02
139 6.692485e-06 5.553880e-03
140 7.419041e-06 1.262025e-02
141 2.831116e-04 2.677015e-02
142 8.126918e-04 7.335115e-02
143 1.480402e-05 4.784033e-03
144 2.176334e-06 3.967719e-03
145 3.206086e-04 1.566706e-02
146 4.087491e-05 1.475030e-02
147 3.369908e-03 1.043010e-01
148 1.399173e-05 3.755425e-03
149 1.869916e-04 1.220506e-02
150 3.069531e-07 2.957332e-03
151 2.581470e-07 1.015592e-02
152 1.508077e-06 1.245129e-02
153 4.830648e-05 9.697263e-03
154 1.956898e-05 2.007490e-02
155 4.117612e-05 4.482599e-03
156 3.149714e-03 8.793054e-02
157 5.928025e-06 4.037473e-03
158 2.819185e-06 9.798844e-03
159 2.585727e-06 5.460041e-03
160 4.562142e-05 1.336355e-02
161 8.890013e-06 7.951074e-03
162 5.777816e-05 1.945961e-02
163 9.319615e-04 3.474916e-02
164 9.048931e-04 3.133073e-02
165 1.861920e-04 1.046488e-02
166 2.902312e-06 4.444763e-03
167 2.628815e-06 3.960542e-03
168 5.778040e-05 2.122519e-02
169 1.060833e-03 3.168856e-02
170 4.535277e-04 2.549006e-02
171 2.032753e-04 3.483148e-02
172 1.102905e-04 1.496242e-02
173 7.611336e-07 3.296090e-03
174 6.900135e-06 3.675709e-03
175 2.622789e-06 3.568037e-03
176 7.254958e-03 1.143302e-01
177 5.700624e-06 8.168335e-03
178 1.031374e-04 1.464339e-02
179 1.051109e-04 6.054475e-03
180 3.460485e-06 4.364048e-03
181 1.093081e-04 7.776194e-02
182 8.661793e-05 9.303610e-03
183 4.712664e-05 1.101266e-02
184 6.765764e-03 1.987509e-01
185 5.697642e-05 1.169989e-02
186 2.758992e-05 1.288632e-02
187 3.334060e-03 1.442003e-01
188 3.722485e-04 9.553232e-03
189 2.964298e-07 3.304253e-03
190 5.802511e-05 1.247097e-02
191 7.356600e-05 2.412650e-02
192 1.486601e-04 1.664868e-02
193 9.826718e-05 4.576677e-02
194 1.486601e-04 1.664868e-02
195 3.180079e-04 4.201498e-02
196 4.767149e-05 6.881790e-03
197 6.163609e-04 1.122984e-01
198 8.590896e-04 1.159660e-02
199 2.462712e-03 8.077134e-02
200 9.724391e-04 5.009207e-02
201 2.653844e-06 5.265003e-03
202 6.217042e-05 3.952093e-02
203 1.925468e-03 1.287949e-01
204 1.703107e-06 3.479032e-03
205 1.546407e-03 1.185534e-01
206 1.280873e-07 8.526983e-03
207 9.468019e-04 1.757389e-01
208 1.292047e-04 6.662150e-02
209 9.856716e-04 1.019817e-01
210 3.153498e-03 9.713908e-02
211 1.528262e-04 1.571156e-02
212 4.365261e-04 3.294423e-02
213 2.321591e-05 1.245251e-02
214 7.180043e-05 3.041147e-02
215 1.159541e-06 4.053709e-03
216 2.108185e-05 6.045310e-03
217 4.181961e-05 3.306962e-02
218 2.563824e-05 1.313554e-02
219 7.696515e-06 5.974359e-03
220 5.258894e-05 2.507014e-02
221 1.377774e-04 2.833805e-02
222 8.981797e-04 5.635181e-02
223 1.442830e-04 1.686811e-02
224 2.234369e-06 3.047191e-03
225 1.736199e-04 3.026709e-02
226 1.037130e-06 3.741664e-03
227 3.816692e-04 3.481834e-02
228 6.162716e-05 1.437988e-02
229 7.259003e-03 1.315731e-01
230 1.570028e-03 1.603276e-01
231 2.338715e-05 1.406898e-02
232 8.628456e-04 6.102348e-02
233 9.409986e-05 2.143913e-02
234 5.300432e-05 1.542818e-02
235 6.166075e-05 1.307797e-02
236 5.410071e-03 1.356083e-01
237 1.657828e-05 3.681544e-03
238 1.553045e-04 1.461406e-02
239 1.267303e-04 1.305873e-02
240 3.292980e-03 6.482142e-02
241 2.212710e-03 1.262755e-01
242 6.836883e-05 1.281332e-02
243 1.703436e-05 6.295137e-03
244 7.172092e-06 4.412206e-03
245 5.881289e-05 1.172325e-02
246 5.386964e-05 1.352224e-02
247 1.496456e-05 7.012896e-03
248 8.428181e-05 2.697749e-02
249 4.334123e-04 6.276107e-02
250 2.477968e-04 5.239101e-02
251 1.111570e-04 5.475419e-03
252 1.952215e-03 2.962229e-01
253 1.515306e-04 2.237523e-02
254 8.892258e-04 1.445638e-02
255 4.035521e-04 1.519158e-02
256 2.740317e-06 3.208099e-03
257 1.004776e-04 2.873305e-02
258 1.662728e-04 2.724494e-02
259 6.874988e-06 4.537021e-03
260 4.925306e-05 1.026903e-02
261 5.799756e-05 1.041112e-02
262 7.344128e-07 3.465733e-03
263 5.165326e-05 1.737163e-02
264 2.619610e-04 3.822911e-02
265 3.649996e-04 1.139472e-02
266 9.000407e-04 1.235329e-02
267 5.149209e-05 1.076852e-02
268 2.189492e-06 4.202036e-03
269 4.363059e-06 8.021492e-03
270 3.973062e-07 4.707263e-03
271 3.144721e-03 4.926775e-02
272 4.010571e-05 1.067939e-02
273 9.831322e-05 1.446954e-02
274 1.272378e-04 8.164067e-03
275 4.265459e-05 6.041832e-03
276 4.177071e-06 2.839746e-03
277 2.093552e-05 1.849156e-02
278 7.748444e-05 1.412574e-02
279 7.483110e-06 4.896155e-03
280 2.247309e-03 1.033512e-01
281 2.753368e-03 3.929753e-02
282 3.863422e-05 4.999848e-03
283 1.228143e-03 6.952328e-02
284 2.654142e-05 1.340947e-02
285 9.704157e-04 2.065097e-02
286 8.562222e-06 7.977360e-03
287 2.458922e-04 7.452742e-03
288 1.976775e-05 1.045153e-02
289 6.498197e-06 7.062579e-03
290 1.510602e-04 1.374953e-02
291 1.813528e-04 3.673166e-02
292 3.568718e-04 4.043713e-02
293 1.983428e-06 3.944851e-03
294 6.689424e-06 8.784014e-03
295 3.206372e-05 9.131531e-03
296 1.584519e-04 4.401712e-02
297 2.125457e-05 8.483114e-03
298 8.519074e-07 3.910451e-03
299 3.998894e-05 6.903076e-03
300 1.809928e-05 7.990952e-03
301 1.238894e-02 2.875977e-01
302 2.039584e-05 5.872592e-03
303 2.732156e-03 1.121939e-01
304 4.236270e-05 4.024704e-03
305 1.291382e-04 1.321244e-02
306 4.032950e-05 5.527452e-03
307 5.652692e-03 3.791546e-02
308 5.457123e-03 5.523915e-02
309 2.305049e-03 6.576178e-02
310 1.553890e-04 4.478770e-02
311 5.106876e-05 1.157859e-02
312 1.773907e-04 6.259142e-02
313 1.047562e-03 4.613092e-02
314 1.969552e-05 4.110489e-03
315 2.210764e-03 4.310073e-02
316 2.019993e-03 2.730808e-01
317 1.002295e-03 6.745066e-02
318 1.619195e-03 1.181307e-01
319 2.190588e-03 5.203511e-02
320 2.101226e-05 6.297305e-03
321 5.327755e-05 1.127060e-02
322 1.361464e-05 7.661368e-03
323 7.207625e-03 4.908776e-01
324 1.568906e-05 5.432361e-03
325 3.058276e-05 8.052603e-03
326 6.934007e-06 6.198666e-03
327 6.115107e-05 7.635040e-03
328 8.191831e-04 2.772119e-02
329 2.832407e-03 1.499732e-01
330 6.393705e-07 2.853625e-03
331 8.359652e-04 7.184910e-02
332 1.046726e-04 9.767825e-03
333 3.121180e-04 1.068989e-02
334 2.066482e-05 9.481216e-03
335 2.510733e-06 1.127323e-02
336 4.128462e-04 1.203679e-02
337 1.752993e-05 4.217203e-03
338 6.890024e-04 2.227803e-02
339 1.119012e-04 1.205238e-02
340 7.601173e-04 7.918073e-02
341 1.942531e-04 5.451792e-02
342 3.581319e-04 2.866351e-02
343 7.439875e-06 4.782231e-03
344 7.407047e-03 1.071489e-01
345 3.454277e-04 7.062758e-02
346 6.345640e-03 1.916608e-01
347 1.053500e-06 3.683075e-03
348 2.388805e-03 3.764169e-02
349 1.553513e-04 9.831286e-03
350 3.145841e-06 5.707436e-03
351 4.269849e-03 2.860134e-01
352 1.532287e-04 1.421544e-02
353 3.083322e-06 3.602338e-03
354 1.704256e-03 7.366012e-02
355 2.059590e-04 3.833067e-02
356 2.091331e-05 7.750315e-03
357 9.777884e-04 4.464388e-02
358 8.197790e-06 6.829879e-03
359 3.233233e-07 5.731489e-03
360 2.768065e-06 3.718185e-03
361 1.157428e-04 1.145355e-02
362 1.024595e-04 8.405276e-02
363 2.011648e-04 9.810604e-02
364 3.103218e-03 1.301832e-01
365 8.169379e-05 8.668560e-02
366 8.589621e-06 8.567715e-03
367 2.906119e-06 7.434464e-03
368 7.186745e-03 1.169497e-01
369 9.791794e-06 7.369610e-03
370 2.189429e-03 6.456572e-02
371 1.454899e-04 1.162910e-02
372 1.258894e-02 3.402257e-01
373 2.265699e-04 6.065201e-03
374 6.063657e-06 8.843205e-03
375 8.075405e-06 4.580051e-03
376 1.420997e-05 1.171029e-02
377 4.482674e-04 2.992379e-02
378 4.312870e-05 9.997392e-03
379 3.398656e-04 2.166218e-02
380 1.219540e-03 9.113208e-02
381 1.206709e-03 6.075398e-02
382 9.320576e-06 5.559261e-03
383 2.165492e-04 1.907265e-02
384 6.206668e-05 6.214934e-03
385 8.272899e-04 1.793812e-02
386 1.996536e-05 5.096338e-03
387 9.192305e-04 3.619757e-02
388 5.862818e-05 3.444062e-02
389 1.890693e-04 9.385118e-03
390 7.831049e-06 5.131287e-03
391 7.546141e-05 1.806633e-02
392 2.336907e-03 1.384506e-01
393 7.582205e-07 3.299340e-03
394 1.333994e-03 8.822141e-02
395 1.481717e-04 1.608537e-02
396 1.333890e-05 1.722312e-02
397 6.019578e-05 1.102246e-02
398 6.323300e-06 5.406515e-03
399 7.205132e-06 5.197777e-03
400 3.654030e-04 2.071308e-02
401 1.079672e-06 4.354613e-03
402 8.112192e-05 2.544248e-02
403 2.170506e-04 3.984588e-02
404 7.399269e-05 1.568834e-02
405 6.495361e-06 6.233803e-03
406 1.134428e-04 9.234076e-03
407 1.760526e-04 3.134988e-02
408 1.722140e-03 1.411363e-01
409 1.346427e-04 2.846991e-02
410 3.414121e-04 1.039810e-02
411 1.247702e-04 1.835498e-02
412 4.294842e-04 1.410137e-02
413 6.969297e-04 2.678135e-02
414 6.126798e-07 1.294901e-02
415 1.078292e-06 4.018515e-03
416 6.713626e-04 5.569346e-02
417 2.090612e-05 3.868251e-03
418 4.050257e-04 3.017010e-02
419 1.227541e-03 1.056426e-01
420 2.978241e-05 6.901001e-03
421 8.134691e-06 1.954414e-02
422 5.988725e-04 7.802760e-02
423 1.424068e-04 5.622500e-03
424 2.172771e-05 7.824426e-03
425 3.426455e-05 3.129983e-02
426 1.241750e-04 1.104936e-02
427 1.723489e-03 1.006499e-01
428 8.108599e-06 2.170243e-02
429 1.865915e-04 2.185324e-02
430 5.304071e-05 7.335847e-03
431 3.435604e-05 3.332168e-03
432 4.858414e-05 7.118357e-03
433 3.780091e-07 3.545225e-03
434 6.292673e-05 1.303571e-02
435 4.174570e-04 3.356586e-02
436 1.781684e-06 3.552805e-03
437 1.323557e-03 7.453458e-02
438 9.012644e-07 3.491344e-03
439 7.093464e-06 4.401241e-03
440 4.680502e-05 1.106438e-02
441 9.182891e-05 2.920844e-02
442 1.944529e-05 6.146955e-03
443 5.159032e-05 6.886862e-03
444 1.171765e-03 1.832036e-02
445 1.167349e-03 3.054403e-02
446 1.579190e-05 5.440028e-03
447 8.700328e-06 4.938644e-03
448 1.297573e-03 4.206030e-02
449 1.383116e-05 3.854706e-03
450 5.586339e-05 1.535592e-02
451 2.341911e-06 4.944858e-03
452 7.245065e-04 2.141859e-01
453 1.212761e-04 2.489643e-02
454 2.603348e-03 6.118267e-02
455 1.551410e-04 1.440299e-02
456 1.972224e-03 1.178070e-01
457 3.262115e-04 2.190914e-02
458 1.425482e-04 5.092891e-02
459 4.760740e-05 1.514614e-01
460 9.704250e-04 2.215467e-02
461 1.404345e-04 7.558007e-03
462 4.166843e-07 6.101953e-03
463 3.829019e-04 1.135246e-02
464 7.833917e-05 3.446681e-02
465 1.418175e-04 1.583287e-02
466 3.275141e-04 1.390384e-02
467 2.373057e-05 2.201973e-02
468 3.686764e-07 3.296553e-03
469 6.153730e-04 1.210123e-02
470 4.580133e-04 1.874692e-02
471 9.325149e-06 6.393122e-03
472 1.589468e-04 9.136388e-03
473 7.241097e-03 6.965437e-02
474 7.945487e-05 8.238302e-03
475 1.433618e-05 4.644737e-03
476 7.115556e-06 4.387188e-03
477 3.403943e-05 1.657089e-02
478 3.271476e-06 4.407988e-03
479 2.993408e-06 8.992724e-03
480 3.242439e-06 8.505529e-03
481 1.670959e-05 5.532639e-03
482 1.766865e-05 5.898977e-03
483 2.200168e-06 6.018117e-03
484 7.333037e-06 5.731589e-03
485 3.113329e-04 2.033155e-02
486 8.288705e-04 8.494096e-03
487 9.981297e-04 5.207208e-02
488 9.394237e-05 3.348220e-02
489 2.220852e-03 6.508149e-02
490 9.984319e-05 2.754366e-02
491 2.176650e-03 4.576930e-02
492 2.418703e-03 6.031899e-02
493 2.203380e-05 3.858679e-03
494 4.240230e-03 1.791847e-01
495 3.482738e-04 1.555794e-02
496 2.223072e-05 1.089932e-02
497 7.531193e-03 9.676658e-02
498 6.196553e-06 6.965251e-03
499 8.536748e-06 8.336831e-03
500 3.989734e-05 8.845222e-03
501 4.130948e-04 4.134993e-02
