1 2.205226e-04 7.752313e-02
2 4.005562e-07 9.773676e-02
3 6.071308e-03 9.414029e-02
4 1.882165e-05 2.221608e-02
5 1.871009e-07 4.127136e-03
6 9.842271e-03 5.290167e-01
7 2.407246e-03 7.755343e-01
8 1.834335e-04 7.201192e-02
9 6.976266e-08 3.203988e-03
10 2.247693e-03 4.220414e-01
11 1.504256e-07 9.371016e-03
12 2.350748e-04 3.726517e-02
13 2.208564e-03 2.937147e-01
14 5.565381e-08 5.690599e-03
15 1.241326e-03 1.006399e-01
16 1.802913e-03 2.361011e-01
17 2.039368e-09 7.217043e-03
18 1.301259e-05 1.937415e-02
19 5.886668e-04 8.350795e-02
20 2.805987e-10 5.073520e-03
21 1.453826e-02 8.672695e-01
22 1.361989e-03 1.153253e-01
23 4.858499e-07 5.913353e-03
24 7.424598e-05 5.333943e-02
25 2.242568e-04 5.054864e-02
26 3.191308e-03 1.851847e-01
27 3.564712e-05 2.858596e-02
28 2.349117e-08 4.300890e-03
29 3.593161e-03 3.862674e-01
30 1.394135e-02 1.183815e+00
31 4.312411e-04 3.880391e-02
32 3.945937e-03 6.986331e-02
33 1.200351e-06 3.220562e-03
34 8.938539e-10 2.780128e-03
35 1.012083e-05 2.535732e-02
36 5.192588e-04 3.914714e-01
37 7.895626e-07 6.768368e-02
38 3.132642e-06 2.252118e-02
39 8.352082e-08 2.842416e-03
40 3.468781e-05 1.460142e-02
41 1.852384e-03 1.909191e-01
42 4.067542e-07 2.018860e-02
43 3.442841e-03 2.671195e-01
44 3.314577e-05 5.701894e-02
45 1.439930e-03 4.571826e-02
46 1.830716e-05 1.057870e-02
47 7.999342e-03 2.546169e-01
48 5.240757e-08 3.289726e-03
49 2.182157e-04 6.001517e-02
50 1.035544e-02 4.946985e-01
51 4.862839e-04 8.381899e-02
52 3.440664e-04 1.710977e-02
53 1.406168e-05 6.398044e-03
54 1.474385e-06 1.907898e-02
55 2.119247e-06 3.780159e-03
56 1.178680e-02 6.452053e-01
57 7.711287e-05 3.253901e-02
58 2.612045e-05 2.106648e-02
59 1.367192e-04 3.999714e-02
60 2.362323e-05 1.985656e-02
61 5.127254e-03 6.879850e-01
62 7.663049e-03 1.364256e-01
63 6.421402e-08 3.971112e-03
64 1.577788e-06 3.491019e-03
65 7.492281e-04 1.925800e-01
66 2.119300e-08 2.862757e-03
67 3.876273e-07 8.853256e-03
68 1.870667e-08 4.155254e-03
69 1.100159e-06 6.825469e-03
70 1.895545e-07 1.086265e-02
71 5.659109e-03 1.353094e-01
72 1.883966e-05 5.404832e-03
73 9.814325e-08 3.149264e-03
74 4.779550e-04 1.118090e-01
75 6.824551e-08 4.009743e-03
76 5.338527e-05 4.637994e-03
77 6.967278e-08 4.439427e-03
78 4.275220e-03 3.036610e-01
79 3.947179e-03 5.043674e-01
80 1.220666e-07 9.116728e-03
81 2.038303e-08 2.817553e-03
82 1.067382e-05 1.061623e-02
83 2.408767e-05 5.422992e-03
84 7.008461e-05 2.642430e-02
85 2.170355e-03 4.418361e-01
86 1.363834e-04 4.503487e-02
87 1.793779e-07 4.129375e-03
88 1.596116e-06 1.089270e-02
89 7.182478e-05 1.893264e-01
90 4.962428e-05 1.894372e-02
91 1.055671e-05 2.909502e-02
92 3.857577e-02 1.270435e+00
93 7.701902e-04 1.493422e-01
94 1.591101e-06 4.759469e-03
95 1.828444e-04 1.013036e-01
96 2.587365e-07 4.114735e-03
97 5.822506e-06 8.549328e-03
98 2.003971e-06 7.358289e-03
99 3.395846e-04 5.705490e-02
100 5.586660e-03 7.146980e-01
101 1.921930e-07 5.899744e-03
102 4.951084e-07 5.630747e-03
103 1.545930e-05 1.039084e-01
104 2.793573e-05 1.471956e-02
105 6.974226e-04 1.183206e-01
106 1.130704e-06 6.682142e-03
107 2.701258e-08 4.345308e-03
108 5.993983e-08 4.347183e-03
109 4.083052e-07 3.466679e-03
110 1.375557e-05 1.288521e-02
111 9.511216e-06 2.522870e-02
112 2.708809e-05 3.251344e-02
113 2.622565e-03 2.195036e-01
114 1.366598e-02 4.224839e-01
115 1.048041e-02 4.871886e-01
116 4.782001e-03 3.357015e-01
117 9.745187e-05 7.582658e-02
118 5.764908e-03 9.695428e-01
119 1.016482e-04 9.556419e-03
120 3.341352e-05 1.581669e-02
121 8.457844e-05 4.707414e-02
122 1.083846e-04 6.136251e-02
123 1.272866e-05 5.452466e-03
124 6.915669e-04 3.925814e-02
125 1.600691e-05 1.095032e-02
126 4.418924e-05 1.292487e-02
127 2.036401e-05 1.555183e-02
128 4.454892e-05 3.759264e-02
129 4.440828e-05 1.268456e-02
130 1.353882e-05 8.577562e-03
131 1.856936e-05 1.241448e-02
132 1.357153e-03 1.911491e-01
133 8.695278e-04 3.701983e-02
134 2.983246e-04 1.226864e-01
135 6.360008e-06 8.821026e-03
136 1.008727e-04 1.495417e-02
137 6.142324e-04 1.395967e-01
138 1.519978e-05 1.204002e-02
139 6.080009e-06 1.313273e-02
140 5.623192e-06 6.733062e-03
141 5.138422e-06 6.671492e-03
142 6.782692e-05 7.563006e-03
143 5.622193e-06 6.146776e-03
144 1.933182e-05 1.446762e-02
145 3.002415e-06 9.460307e-03
146 9.611175e-08 2.920545e-03
147 1.311981e-06 1.006919e-02
148 1.952156e-06 6.129738e-03
149 4.821740e-06 5.030190e-03
150 1.161964e-07 6.481901e-03
151 3.374380e-07 3.794727e-03
152 3.553447e-07 5.737304e-03
153 3.474953e-05 1.381073e-02
154 4.591659e-06 4.991172e-03
155 7.958645e-07 6.108424e-03
156 1.674818e-05 1.436895e-02
157 2.290100e-06 5.620471e-03
158 3.519638e-04 5.121012e-02
159 1.301147e-04 2.237909e-02
160 5.087849e-05 1.132283e-02
161 3.516619e-04 2.710151e-02
162 2.122896e-05 7.318717e-03
163 1.765427e-05 6.308196e-03
164 4.668730e-05 6.984588e-03
165 1.786565e-05 6.291120e-03
166 1.834385e-05 6.554404e-03
167 2.977830e-04 1.278877e-02
168 1.761794e-03 2.257342e-02
169 3.683020e-04 4.593344e-02
170 5.130338e-05 1.014700e-02
171 9.949256e-05 1.013730e-02
172 2.914799e-04 1.091207e-02
173 4.025208e-04 4.366599e-02
174 1.475746e-03 1.475212e-01
175 7.704857e-05 1.951515e-02
176 6.612209e-05 1.438319e-02
177 6.612209e-05 1.438319e-02
178 8.004917e-06 5.026535e-03
179 8.717493e-05 2.981947e-02
180 7.390177e-05 2.163765e-02
181 5.341592e-04 9.971565e-02
182 9.798154e-05 5.151586e-02
183 2.326065e-05 1.166609e-02
184 5.281676e-04 8.791345e-02
185 1.570547e-03 1.775091e-01
186 1.795947e-04 4.122787e-02
187 2.595978e-05 1.324415e-02
188 7.698351e-05 2.988168e-02
189 3.199086e-05 1.644843e-02
190 1.919129e-04 4.541286e-02
191 2.636697e-04 6.098942e-02
192 3.603074e-05 1.406166e-02
193 4.556742e-04 4.404820e-02
194 2.499936e-05 8.991073e-03
195 1.900994e-04 1.942706e-02
196 8.089199e-05 1.831259e-02
197 4.725593e-04 2.290934e-02
198 7.199715e-05 1.288280e-02
199 1.709492e-04 1.745559e-02
200 2.143494e-04 2.184043e-02
201 1.811474e-05 5.634086e-03
202 1.230098e-05 1.557345e-02
203 8.225508e-05 1.424596e-02
204 1.949128e-05 7.612646e-03
205 2.138230e-05 5.392663e-03
206 7.997343e-05 1.359073e-02
207 3.576736e-06 8.281455e-03
208 2.058550e-06 7.201357e-03
209 1.052430e-05 7.660128e-03
210 9.138936e-06 5.283018e-03
211 8.335205e-05 1.399093e-02
212 7.488233e-03 1.131233e-01
213 3.439462e-05 2.835337e-02
214 9.180438e-05 9.506537e-03
215 8.101842e-05 2.196274e-02
216 3.389222e-05 2.374660e-02
217 2.499305e-05 1.538924e-02
218 2.417532e-03 8.715250e-02
219 5.734537e-05 2.405599e-02
220 3.719419e-06 8.678117e-03
221 8.624792e-05 3.441739e-02
222 4.314777e-04 7.336538e-02
223 6.942676e-05 2.476535e-02
224 1.861896e-05 8.670418e-03
225 5.438587e-06 6.089405e-03
226 9.406286e-07 5.586791e-03
227 1.574136e-05 6.677854e-03
228 1.148726e-04 2.525658e-02
229 9.849491e-05 1.906622e-02
230 7.200186e-04 4.370288e-02
231 8.376865e-04 1.583242e-01
232 2.134749e-03 2.305839e-01
233 1.038004e-04 1.661985e-02
234 3.504782e-05 7.700396e-03
235 2.845851e-04 4.084296e-02
236 3.965987e-05 1.201314e-02
237 6.517810e-04 4.171867e-02
238 3.504782e-05 7.700396e-03
239 1.472645e-05 6.569645e-03
240 1.472645e-05 6.569645e-03
241 9.608906e-05 1.638888e-02
242 3.199781e-05 7.817612e-03
243 2.594433e-04 1.279650e-02
244 5.483778e-06 4.983984e-03
245 2.474784e-04 3.473139e-02
246 6.686231e-04 4.629376e-02
247 2.845851e-04 4.084296e-02
248 2.837121e-04 2.432778e-02
249 9.728068e-05 1.289332e-02
250 3.504782e-05 7.700396e-03
251 3.504782e-05 7.700396e-03
252 1.232069e-04 2.032475e-02
253 4.612685e-05 9.477740e-03
254 1.563158e-05 7.829106e-03
255 9.238660e-05 1.131044e-02
256 5.403243e-06 6.277347e-03
257 2.845851e-04 4.084296e-02
258 3.618083e-03 3.068969e-01
259 4.975341e-04 1.147687e-01
260 1.426485e-06 1.218809e-02
261 6.464894e-05 3.236641e-02
262 4.021466e-06 1.441842e-02
263 1.026177e-04 8.604422e-02
264 4.050574e-05 5.600971e-02
265 8.300352e-05 5.465159e-02
266 2.312688e-04 4.034301e-02
267 1.122724e-03 8.130009e-02
268 7.581278e-06 6.574358e-03
269 1.357123e-04 2.833755e-02
270 1.947118e-06 2.407602e-02
271 6.406811e-06 1.123526e-02
272 1.844826e-05 1.284461e-02
273 3.125411e-05 2.132331e-02
274 8.710428e-05 2.472968e-02
275 4.423262e-06 2.439674e-02
276 2.927493e-06 1.133133e-02
277 1.420264e-04 2.655090e-02
278 1.708903e-06 2.696082e-02
279 1.774334e-04 3.672042e-02
280 3.125411e-05 2.132331e-02
281 2.364480e-05 1.727476e-02
282 5.376528e-05 9.772360e-03
283 1.374224e-06 1.229157e-02
284 2.196113e-05 1.480067e-02
285 3.721066e-03 3.618673e-01
286 3.579424e-05 3.731481e-02
287 2.856504e-04 1.320360e-01
288 6.862927e-05 2.861817e-02
289 2.182561e-04 5.371157e-02
290 5.971004e-04 6.379437e-02
291 2.494356e-04 4.148832e-02
292 1.491324e-03 8.846846e-02
293 4.426002e-03 1.539142e-01
294 1.936810e-04 2.971848e-02
295 6.246253e-03 3.841542e-01
296 1.948122e-02 5.533599e-01
297 1.762423e-02 5.604235e-01
298 2.061111e-04 1.736419e-01
299 2.342223e-04 1.041388e-01
300 1.875083e-04 3.950574e-02
301 3.711945e-03 3.501191e-01
302 1.679216e-04 8.801218e-02
303 1.911366e-05 9.056739e-03
304 8.943398e-06 9.713850e-03
305 7.883648e-06 8.545970e-03
306 3.292009e-06 1.612076e-02
307 1.348701e-04 1.853185e-02
308 5.562869e-05 1.750986e-02
309 2.005257e-05 9.946461e-03
310 5.389454e-07 1.044888e-02
311 2.235965e-05 1.723058e-02
312 7.629315e-06 7.849347e-03
313 7.862813e-06 6.520655e-03
314 8.270909e-06 9.410602e-03
315 8.352221e-06 1.983010e-02
316 1.487863e-04 4.826542e-02
317 1.853869e-08 3.218360e-03
318 5.311938e-08 3.172950e-03
319 8.836694e-06 1.884502e-02
320 1.048396e-03 4.538816e-02
321 5.735766e-07 1.484776e-02
322 2.155986e-03 3.950839e-02
323 3.094076e-03 2.188321e-01
324 2.334847e-05 2.191816e-02
325 5.274575e-05 1.164113e-02
326 3.557424e-05 3.106177e-02
327 6.476414e-04 9.950869e-02
328 7.171132e-04 1.514887e-01
329 8.006066e-04 1.272680e-01
330 3.603153e-03 2.655245e-01
331 1.116436e-02 4.874818e-01
332 1.596642e-03 1.505780e-01
333 5.798427e-04 4.501047e-02
334 2.221799e-04 4.961968e-02
335 2.292739e-04 3.559172e-02
336 1.579752e-03 7.324048e-02
337 7.254155e-04 3.234815e-01
338 4.559373e-03 2.507021e-01
339 4.006656e-04 2.173539e-02
340 7.061382e-07 4.489295e-03
341 5.505146e-07 3.778843e-03
342 1.999635e-04 1.212144e-02
343 4.509588e-04 2.130224e-02
344 8.750420e-04 1.057852e-01
345 2.704864e-07 3.208200e-03
346 1.846560e-05 2.940060e-02
347 2.799291e-06 4.561690e-02
348 9.242657e-05 1.533706e-02
349 2.949079e-04 7.248606e-02
350 6.373908e-06 2.968892e-02
351 2.599710e-06 1.566541e-02
352 7.731153e-07 6.342343e-03
353 2.367467e-06 1.210612e-02
354 1.651999e-06 6.435005e-03
355 7.084119e-07 5.476194e-03
356 2.271317e-07 3.206777e-03
357 4.868980e-04 2.522168e-02
358 3.931667e-04 3.316919e-02
359 2.313484e-04 1.464259e-02
360 3.231007e-05 1.010062e-02
361 4.786926e-04 2.067604e-02
362 1.497339e-05 2.046535e-02
363 5.774433e-06 1.569977e-02
364 7.731153e-07 6.342343e-03
365 4.356299e-04 4.557572e-02
366 1.157143e-03 9.453124e-02
367 1.266430e-05 2.573432e-02
368 2.949079e-04 7.248606e-02
369 2.575949e-04 4.351487e-02
370 5.906616e-05 4.306653e-02
371 4.094511e-06 1.970214e-02
372 3.450600e-03 3.268216e-01
373 8.253019e-04 1.792213e-01
374 7.170250e-03 6.310469e-01
375 1.247524e-04 4.226535e-02
376 1.134160e-03 8.761693e-02
377 3.038491e-04 5.428708e-02
378 8.174657e-04 5.815182e-02
379 4.463188e-06 2.113151e-02
380 6.510028e-05 8.522944e-03
381 1.418192e-05 1.027386e-02
382 1.521670e-02 3.158412e-01
383 1.057831e-06 8.384455e-03
384 2.195867e-05 1.293495e-02
385 3.820809e-04 1.269856e-01
386 1.028654e-04 1.846076e-01
387 4.537980e-03 1.774275e-01
388 2.161345e-03 1.536775e-01
389 3.202334e-03 3.844381e-01
390 6.621212e-03 4.184721e-01
391 5.831366e-04 1.105718e-01
392 1.059230e-02 3.315778e-01
393 6.231075e-04 8.604744e-02
394 1.561464e-03 1.316408e-01
395 1.519232e-03 1.404281e-01
396 4.156969e-06 1.025831e-02
397 1.904835e-05 5.753931e-03
398 2.827678e-05 3.174405e-02
399 1.056662e-05 1.137071e-02
400 2.561846e-05 1.182759e-02
401 1.790817e-06 9.984697e-03
402 1.644591e-06 9.239760e-03
403 4.226034e-06 1.130784e-02
404 3.097895e-05 1.490170e-02
405 9.518301e-06 1.183946e-02
406 9.360956e-06 1.747250e-02
407 1.843865e-06 9.760994e-03
408 3.563181e-06 1.334221e-02
409 4.964570e-03 4.210995e-01
410 4.309880e-06 7.825694e-03
411 1.843865e-06 9.760994e-03
412 2.877445e-03 3.916805e-02
413 2.922093e-06 8.023903e-03
414 4.232823e-06 1.051806e-02
415 1.141994e-05 1.074994e-02
416 3.349781e-06 6.890885e-03
417 3.349781e-06 6.890885e-03
418 8.870066e-03 2.272182e-01
419 7.549842e-04 9.582721e-02
420 4.187593e-05 3.666293e-02
421 5.178829e-05 2.035493e-02
422 7.336031e-05 2.885009e-02
423 1.206707e-06 6.357077e-03
424 7.004562e-05 3.854707e-02
425 6.445967e-05 1.058190e-02
426 1.235808e-03 1.292056e-01
427 1.010575e-03 5.896816e-02
428 4.531775e-06 9.028342e-03
429 1.148287e-07 8.344839e-03
430 6.341498e-07 8.353541e-03
431 7.896463e-07 8.703169e-03
432 5.112335e-07 6.353109e-03
433 8.145200e-05 2.154778e-02
434 1.590914e-06 8.491358e-03
435 1.805277e-06 1.169741e-02
436 1.142306e-03 3.156480e-02
437 4.433713e-04 2.319638e-02
438 6.460007e-07 8.871329e-03
439 1.013165e-03 5.707619e-02
440 2.654465e-06 2.842972e-02
441 1.248568e-06 6.195392e-03
442 8.391365e-03 6.540002e-01
443 2.112044e-03 2.433762e-01
444 4.087305e-03 7.126501e-01
445 3.341431e-04 1.104639e-01
446 1.922156e-07 4.363031e-03
447 6.597069e-05 9.814420e-03
448 1.770401e-07 3.827105e-03
449 1.102405e-06 3.327529e-03
450 2.537634e-06 5.352291e-03
451 1.511180e-04 2.778910e-02
452 2.245207e-05 1.485420e-02
453 1.283324e-04 2.224442e-02
454 2.162297e-05 8.204771e-03
455 2.298324e-05 9.931866e-03
456 6.985055e-08 3.635186e-03
457 4.295852e-07 3.556582e-03
458 3.449947e-06 4.889195e-03
459 5.596298e-04 9.101884e-02
460 2.103695e-04 4.683247e-02
461 2.459219e-05 1.491280e-02
462 6.449390e-05 3.770745e-02
463 2.984456e-05 1.209421e-02
464 3.423340e-06 4.980374e-03
465 1.000724e-05 5.145014e-03
466 1.423726e-06 4.791892e-03
467 1.069679e-05 6.919872e-03
468 2.340774e-05 8.349902e-03
469 1.423726e-06 4.791892e-03
470 5.075595e-07 4.777647e-03
471 9.607124e-06 8.382497e-03
472 9.228791e-06 5.646961e-03
473 1.299827e-06 4.792139e-03
474 1.017730e-05 7.435722e-03
475 5.683470e-05 1.690884e-02
476 1.659792e-03 4.041344e-02
477 1.332417e-04 2.267422e-02
478 1.815488e-03 6.413772e-02
479 6.667544e-04 3.672351e-02
480 2.941218e-03 1.156379e-01
481 1.237844e-03 1.266453e-01
482 4.320164e-05 6.952646e-03
483 9.597529e-05 7.980317e-03
484 1.477437e-05 6.312280e-03
485 3.898564e-05 1.021960e-02
486 1.643622e-05 5.643781e-03
487 4.127588e-04 9.005740e-02
488 4.092075e-04 6.301563e-02
489 5.131111e-03 4.431238e-01
490 1.472441e-05 9.230602e-03
491 3.452051e-04 3.982806e-02
492 1.439065e-05 7.149602e-03
493 2.746723e-04 2.076135e-02
494 1.508297e-03 7.766032e-02
495 2.193527e-04 1.801662e-02
496 9.834036e-07 5.302470e-03
497 1.017306e-04 1.349865e-02
498 4.235677e-05 1.592743e-02
499 1.958532e-04 5.871084e-02
500 6.406311e-06 7.266634e-03
