2 3.097264e-03 4.097264e-03
3 3.097264e-03 4.097264e-03
4 3.097264e-03 4.097264e-03
5 3.097264e-03 4.097264e-03
6 5.855707e-04 1.585571e-03
7 3.097264e-03 4.097264e-03
8 3.097264e-03 4.097264e-03
9 5.855707e-04 1.585571e-03
10 5.855707e-04 1.585571e-03
11 5.855707e-04 1.585571e-03
12 3.097264e-03 4.097264e-03
13 5.855707e-04 1.585571e-03
14 5.855707e-04 1.585571e-03
15 3.097264e-03 4.097264e-03
16 3.097264e-03 4.097264e-03
17 5.855707e-04 1.585571e-03
18 3.097264e-03 4.097264e-03
19 5.855707e-04 1.585571e-03
20 3.097264e-03 4.097264e-03
21 5.855707e-04 1.585571e-03
22 5.855707e-04 1.585571e-03
23 5.855707e-04 1.585571e-03
24 3.097264e-03 4.097264e-03
25 5.855707e-04 1.585571e-03
26 3.097264e-03 4.097264e-03
27 5.855707e-04 1.585571e-03
28 5.855707e-04 1.585571e-03
29 3.097264e-03 4.097264e-03
30 5.855707e-04 1.585571e-03
31 3.097264e-03 4.097264e-03
32 3.097264e-03 4.097264e-03
33 3.097264e-03 4.097264e-03
34 5.855707e-04 1.585571e-03
35 3.097264e-03 4.097264e-03
36 5.855707e-04 1.585571e-03
37 3.097264e-03 4.097264e-03
38 5.855707e-04 1.585571e-03
39 3.097264e-03 4.097264e-03
40 3.097264e-03 4.097264e-03
41 5.855707e-04 1.585571e-03
42 3.097264e-03 4.097264e-03
43 3.097264e-03 4.097264e-03
44 5.855707e-04 1.585571e-03
45 5.855707e-04 1.585571e-03
46 5.855707e-04 1.585571e-03
47 5.855707e-04 1.585571e-03
48 5.855707e-04 1.585571e-03
49 3.097264e-03 4.097264e-03
50 5.855707e-04 1.585571e-03
51 5.855707e-04 1.585571e-03
52 5.855707e-04 1.585571e-03
53 3.097264e-03 4.097264e-03
54 5.855707e-04 1.585571e-03
55 5.855707e-04 1.585571e-03
56 5.855707e-04 1.585571e-03
57 5.855707e-04 1.585571e-03
58 5.855707e-04 1.585571e-03
59 5.855707e-04 1.585571e-03
60 5.855707e-04 1.585571e-03
61 5.855707e-04 1.585571e-03
62 5.855707e-04 1.585571e-03
63 5.855707e-04 1.585571e-03
64 5.855707e-04 1.585571e-03
65 5.855707e-04 1.585571e-03
66 5.855707e-04 1.585571e-03
67 5.855707e-04 1.585571e-03
68 5.855707e-04 1.585571e-03
69 5.855707e-04 1.585571e-03
70 5.855707e-04 1.585571e-03
71 5.855707e-04 1.585571e-03
72 5.855707e-04 1.585571e-03
73 5.855707e-04 1.585571e-03
74 5.855707e-04 1.585571e-03
75 5.855707e-04 1.585571e-03
76 5.855707e-04 1.585571e-03
77 5.855707e-04 1.585571e-03
78 3.097264e-03 4.097264e-03
79 5.855707e-04 1.585571e-03
80 5.855707e-04 1.585571e-03
81 5.855707e-04 1.585571e-03
82 5.855707e-04 1.585571e-03
83 5.855707e-04 1.585571e-03
84 5.855707e-04 1.585571e-03
85 5.855707e-04 1.585571e-03
86 5.855707e-04 1.585571e-03
87 5.855707e-04 1.585571e-03
88 5.855707e-04 1.585571e-03
89 5.855707e-04 1.585571e-03
90 5.855707e-04 1.585571e-03
91 5.855707e-04 1.585571e-03
92 5.855707e-04 1.585571e-03
93 5.855707e-04 1.585571e-03
94 5.855707e-04 1.585571e-03
95 5.855707e-04 1.585571e-03
96 5.855707e-04 1.585571e-03
97 5.855707e-04 1.585571e-03
98 3.097264e-03 4.097264e-03
99 3.097264e-03 4.097264e-03
100 5.855707e-04 1.585571e-03
101 5.855707e-04 1.585571e-03
102 5.855707e-04 1.585571e-03
103 5.855707e-04 1.585571e-03
104 5.855707e-04 1.585571e-03
105 5.855707e-04 1.585571e-03
106 5.855707e-04 1.585571e-03
107 5.855707e-04 1.585571e-03
108 5.855707e-04 1.585571e-03
109 3.097264e-03 4.097264e-03
110 5.855707e-04 1.585571e-03
111 5.855707e-04 1.585571e-03
112 3.097264e-03 4.097264e-03
113 3.097264e-03 4.097264e-03
114 3.097264e-03 4.097264e-03
115 5.855707e-04 1.585571e-03
116 3.097264e-03 4.097264e-03
117 5.855707e-04 1.585571e-03
118 5.855707e-04 1.585571e-03
119 3.097264e-03 4.097264e-03
120 5.855707e-04 1.585571e-03
121 5.855707e-04 1.585571e-03
122 5.855707e-04 1.585571e-03
123 5.855707e-04 1.585571e-03
124 5.855707e-04 1.585571e-03
125 5.855707e-04 1.585571e-03
126 5.855707e-04 1.585571e-03
127 5.855707e-04 1.585571e-03
128 5.855707e-04 1.585571e-03
129 5.855707e-04 1.585571e-03
130 5.855707e-04 1.585571e-03
131 5.855707e-04 1.585571e-03
132 5.855707e-04 1.585571e-03
133 5.855707e-04 1.585571e-03
134 5.855707e-04 1.585571e-03
135 5.855707e-04 1.585571e-03
136 5.855707e-04 1.585571e-03
137 5.855707e-04 1.585571e-03
138 3.097264e-03 4.097264e-03
139 5.855707e-04 1.585571e-03
140 5.855707e-04 1.585571e-03
141 5.855707e-04 1.585571e-03
142 5.855707e-04 1.585571e-03
143 5.855707e-04 1.585571e-03
144 5.855707e-04 1.585571e-03
145 5.855707e-04 1.585571e-03
146 5.855707e-04 1.585571e-03
147 5.855707e-04 1.585571e-03
148 5.855707e-04 1.585571e-03
149 5.855707e-04 1.585571e-03
150 5.855707e-04 1.585571e-03
151 3.097264e-03 4.097264e-03
152 3.097264e-03 4.097264e-03
153 5.855707e-04 1.585571e-03
154 5.855707e-04 1.585571e-03
155 5.855707e-04 1.585571e-03
156 5.855707e-04 1.585571e-03
157 5.855707e-04 1.585571e-03
158 5.855707e-04 1.585571e-03
159 5.855707e-04 1.585571e-03
160 5.855707e-04 1.585571e-03
161 5.855707e-04 1.585571e-03
162 5.855707e-04 1.585571e-03
163 5.855707e-04 1.585571e-03
164 5.855707e-04 1.585571e-03
165 5.855707e-04 1.585571e-03
166 5.855707e-04 1.585571e-03
167 5.855707e-04 1.585571e-03
168 5.855707e-04 1.585571e-03
169 5.855707e-04 1.585571e-03
170 5.855707e-04 1.585571e-03
171 5.855707e-04 1.585571e-03
172 5.855707e-04 1.585571e-03
173 5.855707e-04 1.585571e-03
174 5.855707e-04 1.585571e-03
175 5.855707e-04 1.585571e-03
176 5.855707e-04 1.585571e-03
177 5.855707e-04 1.585571e-03
178 5.855707e-04 1.585571e-03
179 5.855707e-04 1.585571e-03
180 5.855707e-04 1.585571e-03
181 3.097264e-03 4.097264e-03
182 5.855707e-04 1.585571e-03
183 5.855707e-04 1.585571e-03
184 5.855707e-04 1.585571e-03
185 5.855707e-04 1.585571e-03
186 5.855707e-04 1.585571e-03
187 5.855707e-04 1.585571e-03
188 5.855707e-04 1.585571e-03
189 5.855707e-04 1.585571e-03
190 5.855707e-04 1.585571e-03
191 5.855707e-04 1.585571e-03
192 5.855707e-04 1.585571e-03
193 3.097264e-03 4.097264e-03
194 5.855707e-04 1.585571e-03
195 5.855707e-04 1.585571e-03
196 5.855707e-04 1.585571e-03
197 3.097264e-03 4.097264e-03
198 5.855707e-04 1.585571e-03
199 5.855707e-04 1.585571e-03
200 5.855707e-04 1.585571e-03
201 5.855707e-04 1.585571e-03
202 5.855707e-04 1.585571e-03
203 3.097264e-03 4.097264e-03
204 5.855707e-04 1.585571e-03
205 3.097264e-03 4.097264e-03
206 5.855707e-04 1.585571e-03
207 3.097264e-03 4.097264e-03
208 3.097264e-03 4.097264e-03
209 3.097264e-03 4.097264e-03
210 5.855707e-04 1.585571e-03
211 5.855707e-04 1.585571e-03
212 5.855707e-04 1.585571e-03
213 5.855707e-04 1.585571e-03
214 5.855707e-04 1.585571e-03
215 5.855707e-04 1.585571e-03
216 5.855707e-04 1.585571e-03
217 5.855707e-04 1.585571e-03
218 5.855707e-04 1.585571e-03
219 5.855707e-04 1.585571e-03
220 5.855707e-04 1.585571e-03
221 5.855707e-04 1.585571e-03
222 5.855707e-04 1.585571e-03
223 5.855707e-04 1.585571e-03
224 5.855707e-04 1.585571e-03
225 5.855707e-04 1.585571e-03
226 5.855707e-04 1.585571e-03
227 5.855707e-04 1.585571e-03
228 5.855707e-04 1.585571e-03
229 5.855707e-04 1.585571e-03
230 5.855707e-04 1.585571e-03
231 5.855707e-04 1.585571e-03
232 5.855707e-04 1.585571e-03
233 3.097264e-03 4.097264e-03
234 5.855707e-04 1.585571e-03
235 5.855707e-04 1.585571e-03
236 3.097264e-03 4.097264e-03
237 5.855707e-04 1.585571e-03
238 5.855707e-04 1.585571e-03
239 5.855707e-04 1.585571e-03
240 5.855707e-04 1.585571e-03
241 3.097264e-03 4.097264e-03
242 5.855707e-04 1.585571e-03
243 5.855707e-04 1.585571e-03
244 5.855707e-04 1.585571e-03
245 5.855707e-04 1.585571e-03
246 5.855707e-04 1.585571e-03
247 5.855707e-04 1.585571e-03
248 3.097264e-03 4.097264e-03
249 5.855707e-04 1.585571e-03
250 3.097264e-03 4.097264e-03
251 5.855707e-04 1.585571e-03
252 3.097264e-03 4.097264e-03
253 5.855707e-04 1.585571e-03
254 5.855707e-04 1.585571e-03
255 5.855707e-04 1.585571e-03
256 5.855707e-04 1.585571e-03
257 3.097264e-03 4.097264e-03
258 5.855707e-04 1.585571e-03
259 5.855707e-04 1.585571e-03
260 5.855707e-04 1.585571e-03
261 5.855707e-04 1.585571e-03
262 5.855707e-04 1.585571e-03
263 5.855707e-04 1.585571e-03
264 5.855707e-04 1.585571e-03
265 5.855707e-04 1.585571e-03
266 5.855707e-04 1.585571e-03
267 5.855707e-04 1.585571e-03
268 5.855707e-04 1.585571e-03
269 5.855707e-04 1.585571e-03
270 5.855707e-04 1.585571e-03
271 3.097264e-03 4.097264e-03
272 5.855707e-04 1.585571e-03
273 5.855707e-04 1.585571e-03
274 5.855707e-04 1.585571e-03
275 5.855707e-04 1.585571e-03
276 5.855707e-04 1.585571e-03
277 5.855707e-04 1.585571e-03
278 5.855707e-04 1.585571e-03
279 5.855707e-04 1.585571e-03
280 5.855707e-04 1.585571e-03
281 5.855707e-04 1.585571e-03
282 5.855707e-04 1.585571e-03
283 5.855707e-04 1.585571e-03
284 5.855707e-04 1.585571e-03
285 5.855707e-04 1.585571e-03
286 5.855707e-04 1.585571e-03
287 5.855707e-04 1.585571e-03
288 5.855707e-04 1.585571e-03
289 5.855707e-04 1.585571e-03
290 5.855707e-04 1.585571e-03
291 5.855707e-04 1.585571e-03
292 5.855707e-04 1.585571e-03
293 5.855707e-04 1.585571e-03
294 5.855707e-04 1.585571e-03
295 5.855707e-04 1.585571e-03
296 5.855707e-04 1.585571e-03
297 5.855707e-04 1.585571e-03
298 5.855707e-04 1.585571e-03
299 5.855707e-04 1.585571e-03
300 5.855707e-04 1.585571e-03
301 3.097264e-03 4.097264e-03
302 5.855707e-04 1.585571e-03
303 3.097264e-03 4.097264e-03
304 5.855707e-04 1.585571e-03
305 5.855707e-04 1.585571e-03
306 5.855707e-04 1.585571e-03
307 5.855707e-04 1.585571e-03
308 5.855707e-04 1.585571e-03
309 5.855707e-04 1.585571e-03
310 5.855707e-04 1.585571e-03
311 5.855707e-04 1.585571e-03
312 5.855707e-04 1.585571e-03
313 5.855707e-04 1.585571e-03
314 5.855707e-04 1.585571e-03
315 5.855707e-04 1.585571e-03
316 3.097264e-03 4.097264e-03
317 5.855707e-04 1.585571e-03
318 5.855707e-04 1.585571e-03
319 5.855707e-04 1.585571e-03
320 5.855707e-04 1.585571e-03
321 5.855707e-04 1.585571e-03
322 5.855707e-04 1.585571e-03
323 5.855707e-04 1.585571e-03
324 5.855707e-04 1.585571e-03
325 5.855707e-04 1.585571e-03
326 5.855707e-04 1.585571e-03
327 5.855707e-04 1.585571e-03
328 5.855707e-04 1.585571e-03
329 5.855707e-04 1.585571e-03
330 5.855707e-04 1.585571e-03
331 3.097264e-03 4.097264e-03
332 5.855707e-04 1.585571e-03
333 5.855707e-04 1.585571e-03
334 5.855707e-04 1.585571e-03
335 5.855707e-04 1.585571e-03
336 5.855707e-04 1.585571e-03
337 5.855707e-04 1.585571e-03
338 5.855707e-04 1.585571e-03
339 5.855707e-04 1.585571e-03
340 3.097264e-03 4.097264e-03
341 5.855707e-04 1.585571e-03
342 5.855707e-04 1.585571e-03
343 5.855707e-04 1.585571e-03
344 5.855707e-04 1.585571e-03
345 3.097264e-03 4.097264e-03
346 5.855707e-04 1.585571e-03
347 5.855707e-04 1.585571e-03
348 5.855707e-04 1.585571e-03
349 5.855707e-04 1.585571e-03
350 5.855707e-04 1.585571e-03
351 5.855707e-04 1.585571e-03
352 5.855707e-04 1.585571e-03
353 5.855707e-04 1.585571e-03
354 5.855707e-04 1.585571e-03
355 5.855707e-04 1.585571e-03
356 5.855707e-04 1.585571e-03
357 5.855707e-04 1.585571e-03
358 5.855707e-04 1.585571e-03
359 5.855707e-04 1.585571e-03
360 5.855707e-04 1.585571e-03
361 5.855707e-04 1.585571e-03
362 3.097264e-03 4.097264e-03
363 3.097264e-03 4.097264e-03
364 5.855707e-04 1.585571e-03
365 5.855707e-04 1.585571e-03
366 5.855707e-04 1.585571e-03
367 5.855707e-04 1.585571e-03
368 5.855707e-04 1.585571e-03
369 5.855707e-04 1.585571e-03
370 5.855707e-04 1.585571e-03
371 5.855707e-04 1.585571e-03
372 5.855707e-04 1.585571e-03
373 5.855707e-04 1.585571e-03
374 5.855707e-04 1.585571e-03
375 5.855707e-04 1.585571e-03
376 3.097264e-03 4.097264e-03
377 5.855707e-04 1.585571e-03
378 5.855707e-04 1.585571e-03
379 5.855707e-04 1.585571e-03
380 5.855707e-04 1.585571e-03
381 5.855707e-04 1.585571e-03
382 5.855707e-04 1.585571e-03
383 5.855707e-04 1.585571e-03
384 5.855707e-04 1.585571e-03
385 5.855707e-04 1.585571e-03
386 5.855707e-04 1.585571e-03
387 5.855707e-04 1.585571e-03
388 5.855707e-04 1.585571e-03
389 5.855707e-04 1.585571e-03
390 5.855707e-04 1.585571e-03
391 5.855707e-04 1.585571e-03
392 3.097264e-03 4.097264e-03
393 5.855707e-04 1.585571e-03
394 5.855707e-04 1.585571e-03
395 5.855707e-04 1.585571e-03
396 3.097264e-03 4.097264e-03
397 5.855707e-04 1.585571e-03
398 5.855707e-04 1.585571e-03
399 5.855707e-04 1.585571e-03
400 5.855707e-04 1.585571e-03
401 5.855707e-04 1.585571e-03
402 3.097264e-03 4.097264e-03
403 3.097264e-03 4.097264e-03
404 3.097264e-03 4.097264e-03
405 5.855707e-04 1.585571e-03
406 5.855707e-04 1.585571e-03
407 5.855707e-04 1.585571e-03
408 5.855707e-04 1.585571e-03
409 5.855707e-04 1.585571e-03
410 5.855707e-04 1.585571e-03
411 5.855707e-04 1.585571e-03
412 5.855707e-04 1.585571e-03
413 5.855707e-04 1.585571e-03
414 3.097264e-03 4.097264e-03
415 5.855707e-04 1.585571e-03
416 5.855707e-04 1.585571e-03
417 5.855707e-04 1.585571e-03
418 5.855707e-04 1.585571e-03
419 5.855707e-04 1.585571e-03
420 5.855707e-04 1.585571e-03
421 5.855707e-04 1.585571e-03
422 5.855707e-04 1.585571e-03
423 5.855707e-04 1.585571e-03
424 5.855707e-04 1.585571e-03
425 3.097264e-03 4.097264e-03
426 5.855707e-04 1.585571e-03
427 5.855707e-04 1.585571e-03
428 5.855707e-04 1.585571e-03
429 5.855707e-04 1.585571e-03
430 5.855707e-04 1.585571e-03
431 5.855707e-04 1.585571e-03
432 5.855707e-04 1.585571e-03
433 5.855707e-04 1.585571e-03
434 5.855707e-04 1.585571e-03
435 5.855707e-04 1.585571e-03
436 5.855707e-04 1.585571e-03
437 3.097264e-03 4.097264e-03
438 5.855707e-04 1.585571e-03
439 5.855707e-04 1.585571e-03
440 5.855707e-04 1.585571e-03
441 5.855707e-04 1.585571e-03
442 5.855707e-04 1.585571e-03
443 5.855707e-04 1.585571e-03
444 5.855707e-04 1.585571e-03
445 5.855707e-04 1.585571e-03
446 5.855707e-04 1.585571e-03
447 5.855707e-04 1.585571e-03
448 5.855707e-04 1.585571e-03
449 5.855707e-04 1.585571e-03
450 5.855707e-04 1.585571e-03
451 5.855707e-04 1.585571e-03
452 3.097264e-03 4.097264e-03
453 5.855707e-04 1.585571e-03
454 5.855707e-04 1.585571e-03
455 5.855707e-04 1.585571e-03
456 3.097264e-03 4.097264e-03
457 5.855707e-04 1.585571e-03
458 3.097264e-03 4.097264e-03
459 3.097264e-03 4.097264e-03
460 5.855707e-04 1.585571e-03
461 5.855707e-04 1.585571e-03
462 5.855707e-04 1.585571e-03
463 5.855707e-04 1.585571e-03
464 5.855707e-04 1.585571e-03
465 5.855707e-04 1.585571e-03
466 5.855707e-04 1.585571e-03
467 5.855707e-04 1.585571e-03
468 5.855707e-04 1.585571e-03
469 5.855707e-04 1.585571e-03
470 3.097264e-03 4.097264e-03
471 5.855707e-04 1.585571e-03
472 5.855707e-04 1.585571e-03
473 5.855707e-04 1.585571e-03
474 5.855707e-04 1.585571e-03
475 5.855707e-04 1.585571e-03
476 5.855707e-04 1.585571e-03
477 3.097264e-03 4.097264e-03
478 5.855707e-04 1.585571e-03
479 5.855707e-04 1.585571e-03
480 5.855707e-04 1.585571e-03
481 5.855707e-04 1.585571e-03
482 5.855707e-04 1.585571e-03
483 5.855707e-04 1.585571e-03
484 5.855707e-04 1.585571e-03
485 5.855707e-04 1.585571e-03
486 5.855707e-04 1.585571e-03
487 5.855707e-04 1.585571e-03
488 3.097264e-03 4.097264e-03
489 3.097264e-03 4.097264e-03
490 3.097264e-03 4.097264e-03
491 5.855707e-04 1.585571e-03
492 5.855707e-04 1.585571e-03
493 5.855707e-04 1.585571e-03
494 5.855707e-04 1.585571e-03
495 5.855707e-04 1.585571e-03
496 3.097264e-03 4.097264e-03
497 5.855707e-04 1.585571e-03
498 5.855707e-04 1.585571e-03
499 5.855707e-04 1.585571e-03
500 5.855707e-04 1.585571e-03
501 5.855707e-04 1.585571e-03
