2 2.003142e-03 1.216871e-01
3 5.807624e-03 6.761486e-01
4 3.838813e-03 2.573520e-01
5 1.331991e-04 1.942337e-01
6 5.989318e-03 7.125146e-01
7 1.340633e-02 3.257560e-01
8 2.246628e-03 2.933520e-01
9 2.860029e-03 1.690563e-01
10 4.829235e-03 3.957340e-02
11 7.050946e-03 4.606528e-01
12 5.359829e-03 2.532928e-01
13 1.435533e-03 2.583776e-01
14 3.410164e-03 4.632341e-01
15 7.347214e-03 5.327730e-01
16 2.430835e-03 2.639468e-01
17 1.539856e-04 9.435882e-03
18 6.142024e-03 4.771829e-01
19 6.021590e-05 8.323117e-03
20 3.032793e-04 2.357484e-01
21 1.602622e-03 8.651731e-02
22 1.097706e-02 5.956506e-01
23 1.011603e-03 5.934239e-02
24 7.008556e-03 5.118982e-01
25 2.491560e-05 2.532050e-02
26 2.996680e-03 3.354355e-01
27 8.415482e-04 3.823942e-01
28 9.415126e-05 1.816345e-02
29 4.828412e-03 7.446212e-01
30 2.039546e-04 5.385360e-02
31 5.789408e-05 6.241370e-02
32 5.383305e-03 2.782881e-01
33 5.350118e-04 1.974191e-01
34 5.165708e-03 2.254248e-01
35 1.471298e-02 7.817346e-01
36 2.280427e-05 5.257615e-02
37 6.955408e-03 2.175849e-01
38 9.795671e-03 5.445352e-01
39 1.156508e-04 6.255245e-02
40 6.520848e-03 4.283100e-01
41 1.879555e-06 8.131640e-03
42 7.908854e-04 8.925894e-02
43 2.598644e-03 1.923243e-01
44 8.677401e-07 8.547999e-03
45 6.392041e-07 6.551953e-03
46 2.706015e-05 1.197211e-02
47 1.846687e-06 1.167034e-02
48 3.608059e-08 2.901727e-03
49 1.338263e-03 2.872889e-01
50 2.801701e-06 1.055479e-02
51 1.821925e-08 3.830161e-03
52 6.054717e-08 7.584569e-03
53 2.293862e-05 5.100934e-02
54 2.714790e-07 3.893527e-03
55 2.588839e-06 7.193956e-03
56 1.011002e-06 6.463313e-03
57 1.161837e-07 5.563027e-03
58 7.514792e-05 1.146370e-02
59 1.212146e-05 8.690770e-03
60 3.646923e-06 6.697805e-03
61 1.517385e-05 1.501526e-02
62 2.949319e-05 1.647579e-02
63 1.915462e-04 2.218234e-02
64 2.617433e-05 6.937014e-03
65 1.132734e-07 5.500411e-03
66 1.527222e-06 7.681465e-03
67 2.411954e-07 3.160140e-03
68 3.454984e-06 8.056105e-03
69 3.339943e-04 5.733640e-02
70 3.112901e-04 2.985089e-02
71 1.698320e-06 8.224270e-03
72 2.266432e-04 1.415667e-02
73 4.110248e-05 2.689754e-02
74 2.133435e-06 9.498759e-03
75 1.152338e-05 7.736401e-03
76 1.185916e-04 5.194029e-02
77 2.336413e-04 7.163300e-03
78 2.956265e-06 3.453453e-02
79 3.953582e-04 1.179748e-01
80 3.557204e-07 1.375025e-02
81 1.594723e-07 3.664226e-03
82 6.084944e-05 8.015559e-02
83 1.637268e-05 1.994433e-02
84 1.051069e-04 8.743164e-02
85 3.271342e-05 1.787564e-02
86 2.251632e-04 4.747118e-02
87 5.495361e-03 1.978759e-01
88 7.416896e-07 6.745126e-03
89 1.593744e-05 1.733893e-02
90 1.840537e-06 9.938835e-03
91 2.876581e-07 4.068443e-03
92 8.303432e-07 7.125269e-03
93 8.955392e-07 1.277686e-02
94 4.122280e-07 7.368436e-03
95 2.633506e-06 9.059132e-03
96 3.044500e-03 3.990208e-01
97 2.580681e-07 6.815754e-03
98 4.158082e-04 1.203388e-01
99 1.544075e-04 2.378321e-01
100 1.475629e-02 5.243356e-01
101 6.929979e-04 3.984815e-01
102 7.273566e-07 1.169345e-02
103 1.426573e-04 7.982789e-02
104 6.679223e-06 4.620895e-02
105 7.138500e-04 1.235763e-01
106 2.313221e-04 2.396270e-02
107 2.684296e-06 3.187605e-02
108 8.868658e-05 1.383285e-02
109 5.034723e-04 9.480934e-02
110 8.478337e-07 4.365249e-03
111 1.316227e-05 3.075260e-02
112 3.028467e-04 6.728167e-02
113 1.115055e-03 1.087295e-01
114 3.630358e-05 8.622914e-02
115 3.862642e-04 2.921459e-02
116 1.467938e-03 5.067960e-02
117 2.130948e-06 4.352596e-03
118 3.135878e-06 7.116485e-03
119 6.778159e-03 5.092475e-01
120 6.900240e-03 1.118664e-01
121 6.634961e-09 4.424779e-03
122 2.057760e-06 7.975796e-03
123 2.089720e-03 1.856507e-01
124 4.249825e-04 8.309607e-02
125 3.197262e-06 2.950350e-02
126 3.273813e-05 8.492509e-03
127 8.690480e-07 8.699893e-03
128 3.239698e-03 4.490001e-01
129 2.080346e-04 4.694355e-02
130 1.803832e-06 4.287247e-03
131 3.769066e-04 1.586168e-01
132 2.750185e-07 6.157571e-03
133 3.372403e-03 5.450606e-01
134 1.733583e-05 2.072490e-02
135 7.583997e-05 4.311467e-02
136 1.821301e-06 9.381622e-03
137 3.785483e-06 5.813005e-03
138 4.843860e-07 1.234433e-02
139 5.017590e-08 5.634171e-03
140 1.052684e-07 1.264598e-02
141 3.238023e-05 3.340214e-02
142 2.932332e-03 2.828978e-01
143 2.404052e-05 7.090532e-03
144 3.501537e-06 4.138757e-03
145 4.434119e-04 3.281215e-02
146 1.058114e-05 1.744234e-02
147 9.867426e-04 1.914426e-01
148 3.970570e-06 3.920920e-03
149 8.630327e-06 1.335598e-02
150 2.004505e-07 2.962536e-03
151 1.403770e-07 1.016213e-02
152 4.737462e-08 1.246930e-02
153 1.349022e-05 1.064685e-02
154 6.937245e-05 2.308190e-02
155 2.204096e-07 4.774434e-03
156 9.339952e-04 1.308544e-01
157 6.176711e-07 4.101318e-03
158 1.277535e-06 9.920494e-03
159 6.815524e-07 5.505026e-03
160 2.351239e-05 1.434823e-02
161 4.551770e-06 8.168074e-03
162 3.747037e-05 2.009898e-02
163 6.070025e-04 5.817468e-02
164 1.282486e-03 7.329189e-02
165 3.829150e-05 1.368701e-02
166 6.733093e-07 4.499044e-03
167 1.712193e-06 4.026619e-03
168 3.401778e-05 2.326121e-02
169 1.978681e-03 1.017123e-01
170 2.454380e-04 4.053389e-02
171 1.178750e-04 3.964719e-02
172 9.311340e-04 2.720258e-02
173 1.060812e-05 3.455255e-03
174 3.159181e-05 4.218908e-03
175 2.161798e-07 3.612785e-03
176 4.887927e-03 3.067581e-01
177 2.074274e-07 8.243607e-03
178 1.708001e-04 2.346066e-02
179 1.730393e-04 1.519333e-02
180 5.881109e-06 4.519919e-03
181 4.333926e-04 8.639675e-02
182 2.312917e-05 1.106383e-02
183 4.393925e-06 1.130814e-02
184 8.420371e-03 3.318929e-01
185 6.936499e-05 1.312675e-02
186 3.772695e-07 1.298593e-02
187 2.386593e-03 2.190985e-01
188 1.070941e-04 1.799239e-02
189 1.335510e-08 3.306994e-03
190 5.623397e-06 1.364888e-02
191 1.923806e-05 2.484807e-02
192 2.056313e-04 2.342672e-02
193 9.523384e-06 4.776158e-02
194 2.056313e-04 2.342672e-02
195 9.987222e-04 5.688223e-02
196 2.083993e-06 7.763084e-03
197 8.083560e-04 1.255823e-01
198 3.909667e-03 9.147473e-02
199 1.290685e-03 1.736512e-01
200 1.448481e-03 6.590673e-02
201 5.133574e-07 5.295397e-03
202 1.492626e-03 5.731837e-02
203 8.827719e-03 2.866235e-01
204 1.268480e-06 3.546927e-03
205 1.001294e-03 1.402477e-01
206 3.187734e-10 8.527743e-03
207 1.053009e-04 2.274299e-01
208 9.225278e-05 7.100585e-02
209 6.479017e-04 1.263212e-01
210 6.808942e-04 1.909191e-01
211 2.435631e-04 2.400558e-02
212 5.417151e-04 4.390502e-02
213 1.512092e-05 1.303606e-02
214 2.447607e-04 3.316038e-02
215 6.368681e-09 4.065973e-03
216 2.356808e-05 6.435840e-03
217 9.368438e-06 3.381600e-02
218 9.340453e-07 1.344927e-02
219 7.282928e-07 6.077355e-03
220 9.024879e-05 2.730595e-02
221 3.330542e-05 3.389067e-02
222 4.358401e-04 7.586644e-02
223 5.737366e-04 3.527490e-02
224 1.351980e-06 3.093194e-03
225 1.033120e-04 3.548886e-02
226 1.527972e-08 3.754648e-03
227 8.911955e-05 4.057987e-02
228 1.172652e-05 1.541910e-02
229 4.165308e-03 4.305474e-01
230 4.368297e-03 2.635480e-01
231 4.965844e-06 1.428034e-02
232 4.768891e-04 1.540290e-01
233 7.519453e-06 2.327541e-02
234 1.439413e-05 1.585808e-02
235 3.757230e-05 1.558987e-02
236 3.410336e-03 2.172858e-01
237 3.075023e-07 3.750965e-03
238 9.691153e-05 1.826276e-02
239 2.965898e-05 1.464119e-02
240 1.029498e-04 7.397536e-02
241 3.312811e-03 1.749364e-01
242 6.709979e-06 1.313448e-02
243 2.298650e-07 6.471260e-03
244 1.218900e-05 4.735259e-03
245 3.967379e-05 1.288662e-02
246 6.860313e-05 1.803999e-02
247 3.940162e-06 7.217924e-03
248 9.936248e-04 3.733856e-02
249 1.589586e-05 6.841043e-02
250 6.269146e-05 5.641263e-02
251 7.498387e-05 7.674201e-03
252 1.271511e-03 3.452932e-01
253 1.646055e-04 2.612856e-02
254 7.083929e-03 6.076046e-02
255 2.696863e-06 1.630160e-02
256 1.225171e-07 3.223578e-03
257 2.031241e-04 3.220733e-02
258 7.071880e-04 4.065783e-02
259 2.211521e-07 4.633798e-03
260 3.973481e-04 1.486985e-02
261 7.660321e-05 1.178503e-02
262 6.559950e-08 3.500065e-03
263 3.082154e-05 1.925096e-02
264 1.785904e-04 4.476759e-02
265 5.723626e-04 1.961392e-02
266 6.192749e-04 2.316491e-02
267 7.113139e-05 1.217895e-02
268 2.012077e-05 4.548814e-03
269 1.623016e-07 8.040799e-03
270 9.857213e-10 4.708407e-03
271 3.772581e-03 1.499914e-01
272 2.100413e-05 1.224515e-02
273 5.377374e-05 1.548650e-02
274 5.344503e-04 1.845707e-02
275 3.227740e-04 1.133343e-02
276 1.769840e-07 2.854824e-03
277 3.010038e-05 1.888642e-02
278 2.386904e-05 1.469670e-02
279 1.170146e-05 5.048608e-03
280 3.651113e-03 1.732805e-01
281 2.392202e-04 6.623832e-02
282 5.267703e-04 2.973451e-02
283 2.485529e-03 1.091919e-01
284 3.950579e-07 1.350920e-02
285 1.936275e-04 4.192282e-02
286 1.982171e-06 8.222390e-03
287 5.088984e-05 1.214130e-02
288 1.048478e-05 1.090516e-02
289 8.434194e-06 7.736895e-03
290 1.420804e-05 1.856363e-02
291 3.028921e-06 3.747771e-02
292 4.642295e-04 6.161100e-02
293 1.878877e-07 3.985090e-03
294 7.384806e-08 8.933223e-03
295 7.213636e-06 1.017196e-02
296 1.385010e-05 5.186437e-02
297 5.120705e-06 8.876563e-03
298 1.706180e-07 3.959437e-03
299 4.850829e-06 7.724400e-03
300 1.024601e-05 8.673010e-03
301 8.176467e-03 6.406843e-01
302 2.792573e-05 6.345192e-03
303 1.282630e-03 1.595882e-01
304 7.001899e-07 4.301123e-03
305 1.172397e-03 4.432435e-02
306 8.285775e-06 5.983786e-03
307 9.732893e-03 2.602445e-01
308 1.217682e-03 1.221832e-01
309 2.461871e-04 8.823877e-02
310 7.383793e-05 4.680331e-02
311 2.061338e-04 1.501542e-02
312 2.401613e-04 7.023320e-02
313 1.646347e-03 7.379273e-02
314 1.317876e-05 4.550658e-03
315 1.330485e-05 5.749386e-02
316 1.919101e-02 4.512984e-01
317 5.434932e-04 7.974869e-02
318 9.977897e-04 2.302246e-01
319 3.390931e-03 1.619748e-01
320 1.669484e-04 7.101308e-03
321 5.961788e-05 1.239539e-02
322 2.449344e-06 7.747976e-03
323 6.855749e-03 8.164611e-01
324 4.563939e-06 5.660023e-03
325 4.308162e-05 1.103571e-02
326 3.948850e-06 6.283232e-03
327 9.548328e-05 8.963531e-03
328 3.760979e-04 4.434063e-02
329 4.570949e-03 2.665732e-01
330 3.466607e-07 2.886400e-03
331 2.100494e-04 9.223588e-02
332 6.714141e-05 1.486046e-02
333 2.065178e-04 2.141127e-02
334 1.959576e-06 9.636250e-03
335 2.403902e-07 1.131845e-02
336 9.486772e-05 2.013082e-02
337 2.496228e-07 4.466852e-03
338 7.556643e-03 1.853545e-01
339 1.293015e-03 2.331105e-02
340 3.159554e-05 8.320676e-02
341 7.386872e-04 6.305106e-02
342 1.197012e-04 6.404957e-02
343 5.982033e-07 4.845066e-03
344 6.968394e-04 1.633313e-01
345 1.022116e-03 9.030874e-02
346 1.135814e-04 2.105678e-01
347 1.615709e-09 3.687302e-03
348 3.118261e-03 1.265741e-01
349 1.738651e-04 1.317718e-02
350 3.082984e-07 5.733185e-03
351 6.053697e-03 3.777411e-01
352 1.033288e-04 1.839462e-02
353 1.067745e-07 3.640073e-03
354 3.882825e-04 9.873887e-02
355 2.893119e-04 4.239942e-02
356 6.696431e-05 8.983297e-03
357 1.257976e-03 1.164043e-01
358 1.172608e-07 7.064711e-03
359 1.897853e-07 5.737969e-03
360 4.051657e-06 3.807926e-03
361 2.064614e-05 1.345130e-02
362 2.088341e-05 8.709577e-02
363 8.615368e-03 1.648617e-01
364 3.084745e-04 1.440339e-01
365 2.371953e-05 8.849873e-02
366 1.632008e-05 8.786411e-03
367 6.683440e-05 8.013582e-03
368 4.845387e-03 3.440187e-01
369 1.477589e-05 7.532297e-03
370 6.646118e-04 1.089851e-01
371 5.387961e-04 2.682339e-02
372 8.665323e-03 6.747621e-01
373 6.373996e-05 1.452015e-02
374 3.890101e-07 8.877253e-03
375 1.095024e-07 4.669284e-03
376 7.954480e-06 1.212466e-02
377 1.730741e-03 6.169165e-02
378 1.236110e-05 1.042185e-02
379 7.833425e-05 3.335494e-02
380 1.466412e-03 1.621934e-01
381 2.459465e-04 7.274146e-02
382 2.050235e-06 5.956760e-03
383 9.061198e-04 4.875031e-02
384 1.120588e-04 7.764239e-03
385 2.451589e-03 1.265102e-01
386 7.179564e-05 6.106426e-03
387 2.103523e-04 6.052631e-02
388 2.418354e-06 3.550769e-02
389 1.260251e-04 1.543569e-02
390 2.505236e-07 5.583539e-03
391 4.171511e-05 2.005786e-02
392 2.682895e-03 2.803896e-01
393 6.555033e-08 3.315472e-03
394 5.650829e-03 2.345290e-01
395 5.625556e-06 1.796690e-02
396 3.803087e-06 1.751964e-02
397 8.182160e-05 1.559179e-02
398 4.148843e-07 5.479695e-03
399 8.907216e-05 6.464051e-03
400 2.073289e-04 3.108072e-02
401 7.257267e-07 4.403598e-03
402 1.094297e-04 2.858724e-02
403 2.864075e-04 6.097169e-02
404 6.159439e-06 1.678105e-02
405 3.882994e-06 7.135937e-03
406 9.651694e-06 1.161578e-02
407 3.733156e-05 3.379591e-02
408 1.422588e-04 1.504337e-01
409 9.421996e-06 3.075023e-02
410 3.462436e-05 1.243380e-02
411 1.132440e-05 1.946623e-02
412 9.906601e-05 2.628222e-02
413 4.975632e-04 4.433492e-02
414 1.429106e-05 1.319836e-02
415 2.365396e-07 4.024358e-03
416 3.397606e-04 7.408390e-02
417 2.198515e-04 7.441350e-03
418 1.846194e-03 5.262594e-02
419 2.112134e-03 1.678918e-01
420 1.228239e-05 7.337572e-03
421 1.128998e-05 2.045658e-02
422 7.947195e-04 9.779444e-02
423 6.788149e-04 1.521334e-02
424 4.007690e-05 9.366074e-03
425 2.850806e-04 3.548532e-02
426 1.150022e-05 1.366462e-02
427 2.853528e-04 1.194594e-01
428 1.139828e-05 2.188951e-02
429 2.502222e-04 3.004411e-02
430 1.291908e-05 8.491145e-03
431 4.363646e-07 3.435001e-03
432 2.925171e-06 7.763150e-03
433 1.090906e-08 3.548872e-03
434 1.594850e-05 1.401647e-02
435 4.484622e-04 4.048077e-02
436 5.553586e-07 3.576505e-03
437 2.674226e-04 8.943404e-02
438 1.061263e-08 3.500311e-03
439 1.497772e-06 4.519506e-03
440 8.552204e-06 1.164797e-02
441 2.786120e-04 3.434004e-02
442 2.453167e-07 6.259358e-03
443 1.089320e-05 7.747001e-03
444 2.575949e-04 4.949796e-02
445 5.837079e-04 5.218734e-02
446 1.995612e-05 6.243226e-03
447 5.678262e-06 5.150561e-03
448 4.304475e-03 1.473342e-01
449 6.546703e-07 4.053571e-03
450 1.550167e-05 1.574742e-02
451 4.766645e-07 4.982546e-03
452 3.065176e-03 4.577792e-01
453 6.127943e-05 2.938935e-02
454 5.806199e-04 8.475643e-02
455 1.559452e-03 3.062724e-02
456 1.029753e-03 3.211994e-01
457 5.369733e-04 4.689751e-02
458 2.387705e-04 6.034265e-02
459 9.461688e-06 1.521456e-01
460 1.821437e-04 3.762054e-02
461 1.418041e-05 1.020218e-02
462 5.557472e-07 6.129068e-03
463 2.415327e-04 2.346868e-02
464 1.034526e-06 3.502558e-02
465 2.509613e-05 1.828838e-02
466 4.377803e-04 1.628504e-02
467 3.265116e-07 2.212341e-02
468 1.651023e-09 3.298345e-03
469 8.383494e-04 6.118223e-02
470 2.870677e-04 3.394201e-02
471 9.281508e-07 6.528747e-03
472 3.359826e-05 1.280807e-02
473 1.826916e-03 1.590436e-01
474 9.076100e-04 1.603523e-02
475 2.700466e-05 5.482222e-03
476 6.973379e-07 4.445429e-03
477 5.125303e-05 1.738445e-02
478 2.318864e-07 4.427117e-03
479 6.377518e-07 9.100780e-03
480 2.367061e-05 1.074471e-02
481 3.525949e-05 6.526994e-03
482 1.199517e-07 6.120923e-03
483 6.196595e-08 6.061701e-03
484 1.941108e-06 5.806885e-03
485 3.193197e-05 3.470233e-02
486 1.120063e-03 2.659498e-02
487 1.514241e-03 7.988587e-02
488 7.734609e-06 3.595071e-02
489 1.436987e-03 1.163486e-01
490 1.325536e-04 3.268776e-02
491 4.594554e-04 1.282279e-01
492 2.211634e-04 1.008753e-01
493 1.438034e-05 4.395364e-03
494 1.679611e-02 4.799509e-01
495 1.621902e-03 4.748921e-02
496 2.404046e-06 1.117828e-02
497 4.851487e-04 1.563477e-01
498 5.672750e-07 7.040330e-03
499 1.590256e-06 8.483519e-03
500 5.259501e-07 9.318169e-03
501 1.386462e-03 5.355422e-02
