1 2.329700e-03 1.602236e-02
2 9.991966e-03 5.855578e-02
3 1.124958e-04 4.957447e-03
4 2.080726e-04 3.294261e-03
5 2.848580e-05 2.790236e-03
6 7.246097e-03 5.047568e-02
7 1.009047e-02 4.635012e-02
8 3.120262e-03 2.250497e-02
9 7.608683e-05 2.837837e-03
10 1.336693e-02 8.958889e-02
11 2.873934e-04 5.954982e-03
12 4.024467e-04 1.072089e-02
13 1.547498e-03 3.859796e-02
14 5.464754e-04 4.247508e-03
15 7.879339e-04 7.143901e-03
16 5.089510e-03 5.990555e-02
17 6.142454e-04 5.384114e-03
18 6.673566e-04 5.841539e-03
19 1.560298e-03 3.088966e-02
20 2.460537e-04 3.586289e-03
21 1.081747e-02 5.645758e-02
22 1.907711e-03 9.573924e-03
23 3.327172e-05 4.323899e-03
24 9.291736e-05 3.498201e-03
25 1.234557e-03 2.161673e-02
26 6.399191e-04 5.863390e-03
27 1.759844e-04 1.858112e-02
28 8.192634e-05 3.697795e-03
29 3.992376e-03 3.607411e-02
30 3.162220e-02 1.764455e-01
31 1.138094e-03 1.779678e-02
32 9.876634e-04 1.446693e-02
33 7.608683e-05 2.837837e-03
34 1.039000e-05 2.705667e-03
35 8.055606e-05 4.040998e-03
36 1.138094e-03 1.779678e-02
37 4.266905e-03 5.136725e-02
38 1.279686e-03 1.850364e-02
39 1.039000e-05 2.705667e-03
40 8.974639e-05 3.215017e-03
41 5.950248e-04 2.193216e-02
42 1.301454e-03 1.467968e-02
43 3.120262e-03 2.250497e-02
44 6.382893e-04 6.620769e-03
45 2.540986e-04 4.359571e-03
46 2.080726e-04 3.294261e-03
47 1.165205e-03 2.425086e-02
48 2.728797e-05 2.839287e-03
49 8.192634e-05 3.697795e-03
50 2.408223e-03 1.846275e-02
51 5.950248e-04 2.193216e-02
52 2.460537e-04 3.586289e-03
53 2.848580e-05 2.790236e-03
54 6.728764e-04 5.062299e-03
55 9.211891e-05 3.432354e-03
56 2.006968e-03 1.344072e-02
57 1.188052e-03 1.706213e-02
58 8.708346e-04 1.420649e-02
59 7.608683e-05 2.837837e-03
60 7.263684e-04 6.246201e-03
61 3.804479e-03 4.112626e-02
62 4.824887e-04 2.001354e-02
63 8.974639e-05 3.215017e-03
64 2.775215e-05 2.723029e-03
65 3.804479e-03 4.112626e-02
66 2.775215e-05 2.723029e-03
67 2.208570e-04 4.696681e-03
68 8.409214e-05 3.896195e-03
69 7.608683e-05 2.837837e-03
70 1.467897e-04 1.011363e-02
71 4.024467e-04 1.072089e-02
72 3.067203e-05 3.646541e-03
73 7.608683e-05 2.837837e-03
74 1.216353e-03 2.215635e-02
75 3.359974e-05 3.158870e-03
76 1.039000e-05 2.705667e-03
77 3.067203e-05 3.646541e-03
78 8.535708e-04 1.914896e-02
79 8.238159e-04 6.388494e-03
80 7.520328e-04 7.120906e-03
81 2.775215e-05 2.723029e-03
82 3.359974e-05 3.158870e-03
83 2.080726e-04 3.294261e-03
84 6.849988e-04 7.457666e-03
85 4.192995e-03 5.507753e-02
86 4.567843e-04 2.508373e-02
87 3.067203e-05 3.646541e-03
88 2.623514e-04 7.500974e-03
89 1.087780e-02 5.723670e-02
90 7.192773e-04 8.586297e-03
91 2.579634e-04 8.600007e-03
92 3.697014e-03 5.617540e-02
93 1.285466e-03 2.323281e-02
94 3.478690e-05 3.440071e-03
95 8.000861e-04 1.302887e-02
96 3.067203e-05 3.646541e-03
97 3.067203e-05 3.646541e-03
98 8.192634e-05 3.697795e-03
99 8.974639e-05 3.215017e-03
100 1.179978e-02 6.439949e-02
101 2.775215e-05 2.723029e-03
102 9.291736e-05 3.498201e-03
103 1.270404e-03 2.744419e-02
104 5.495590e-05 1.002180e-02
105 1.290778e-03 1.708013e-02
106 7.589305e-05 2.980299e-03
107 7.589305e-05 2.980299e-03
108 7.589305e-05 2.980299e-03
109 2.775215e-05 2.723029e-03
110 5.495590e-05 1.002180e-02
111 1.759844e-04 1.858112e-02
112 5.495590e-05 1.002180e-02
113 1.344006e-03 1.876980e-02
114 3.684801e-03 2.432983e-02
115 1.555381e-03 3.611355e-02
116 3.424755e-03 4.293358e-02
117 5.569488e-04 4.993524e-02
118 4.365903e-03 6.083290e-02
119 2.540986e-04 4.359571e-03
120 2.080726e-04 3.294261e-03
121 4.014217e-04 1.147441e-02
122 2.080726e-04 3.294261e-03
123 7.288737e-05 2.884887e-03
124 5.464754e-04 4.247508e-03
125 2.080726e-04 3.294261e-03
126 6.849988e-04 7.457666e-03
127 7.723135e-04 9.353633e-03
128 5.464754e-04 4.247508e-03
129 2.045924e-04 3.905625e-03
130 2.080726e-04 3.294261e-03
131 6.966509e-04 5.410752e-03
132 1.100560e-03 1.313506e-02
133 6.966509e-04 5.410752e-03
134 3.424755e-03 4.293358e-02
135 6.966509e-04 5.410752e-03
136 6.966509e-04 5.410752e-03
137 3.684801e-03 2.432983e-02
138 6.966509e-04 5.410752e-03
139 6.966509e-04 5.410752e-03
140 2.540986e-04 4.359571e-03
141 2.540986e-04 4.359571e-03
142 2.540986e-04 4.359571e-03
143 7.589305e-05 2.980299e-03
144 6.966509e-04 5.410752e-03
145 6.966509e-04 5.410752e-03
146 2.775215e-05 2.723029e-03
147 2.540986e-04 4.359571e-03
148 2.540986e-04 4.359571e-03
149 2.080726e-04 3.294261e-03
150 2.080726e-04 3.294261e-03
151 7.589305e-05 2.980299e-03
152 2.540986e-04 4.359571e-03
153 6.966509e-04 5.410752e-03
154 2.080726e-04 3.294261e-03
155 2.540986e-04 4.359571e-03
156 6.966509e-04 5.410752e-03
157 2.080726e-04 3.294261e-03
158 6.966509e-04 5.410752e-03
159 6.966509e-04 5.410752e-03
160 6.966509e-04 5.410752e-03
161 6.966509e-04 5.410752e-03
162 2.608159e-04 4.974917e-03
163 2.608159e-04 4.974917e-03
164 2.608159e-04 4.974917e-03
165 2.608159e-04 4.974917e-03
166 2.608159e-04 4.974917e-03
167 2.608159e-04 4.974917e-03
168 2.608159e-04 4.974917e-03
169 7.001436e-04 1.056398e-02
170 2.815501e-04 6.650423e-03
171 8.409214e-05 3.896195e-03
172 9.537371e-05 3.723217e-03
173 2.815501e-04 6.650423e-03
174 7.699475e-04 1.034553e-02
175 3.320956e-04 1.029396e-02
176 2.815501e-04 6.650423e-03
177 2.815501e-04 6.650423e-03
178 9.537371e-05 3.723217e-03
179 9.104919e-04 1.299704e-02
180 2.815501e-04 6.650423e-03
181 9.104919e-04 1.299704e-02
182 9.104919e-04 1.299704e-02
183 2.815501e-04 6.650423e-03
184 9.104919e-04 1.299704e-02
185 2.815501e-04 6.650423e-03
186 3.320956e-04 1.029396e-02
187 9.918886e-05 4.984430e-03
188 8.434406e-04 9.920917e-03
189 3.084247e-04 5.873103e-03
190 9.016034e-04 1.695613e-02
191 2.204734e-03 1.369136e-02
192 6.966509e-04 5.410752e-03
193 6.966509e-04 5.410752e-03
194 2.547474e-04 3.882591e-03
195 2.608159e-04 4.974917e-03
196 6.966509e-04 5.410752e-03
197 2.547474e-04 3.882591e-03
198 2.608159e-04 4.974917e-03
199 6.966509e-04 5.410752e-03
200 6.966509e-04 5.410752e-03
201 2.547474e-04 3.882591e-03
202 6.966509e-04 5.410752e-03
203 6.966509e-04 5.410752e-03
204 2.547474e-04 3.882591e-03
205 2.547474e-04 3.882591e-03
206 6.966509e-04 5.410752e-03
207 6.966509e-04 5.410752e-03
208 2.540986e-04 4.359571e-03
209 2.547474e-04 3.882591e-03
210 2.547474e-04 3.882591e-03
211 6.966509e-04 5.410752e-03
212 2.547474e-04 3.882591e-03
213 6.966509e-04 5.410752e-03
214 2.080726e-04 3.294261e-03
215 6.966509e-04 5.410752e-03
216 6.966509e-04 5.410752e-03
217 6.966509e-04 5.410752e-03
218 6.966509e-04 5.410752e-03
219 6.966509e-04 5.410752e-03
220 6.966509e-04 5.410752e-03
221 6.966509e-04 5.410752e-03
222 6.966509e-04 5.410752e-03
223 6.966509e-04 5.410752e-03
224 7.288737e-05 2.884887e-03
225 7.288737e-05 2.884887e-03
226 7.288737e-05 2.884887e-03
227 7.288737e-05 2.884887e-03
228 2.306712e-04 5.697598e-03
229 2.306712e-04 5.697598e-03
230 2.306712e-04 5.697598e-03
231 6.324210e-04 6.651862e-03
232 6.324210e-04 6.651862e-03
233 7.288737e-05 2.884887e-03
234 7.288737e-05 2.884887e-03
235 1.998321e-04 3.186415e-03
236 7.288737e-05 2.884887e-03
237 1.998321e-04 3.186415e-03
238 7.288737e-05 2.884887e-03
239 7.288737e-05 2.884887e-03
240 7.288737e-05 2.884887e-03
241 1.998321e-04 3.186415e-03
242 7.288737e-05 2.884887e-03
243 2.045924e-04 3.905625e-03
244 7.288737e-05 2.884887e-03
245 1.998321e-04 3.186415e-03
246 1.998321e-04 3.186415e-03
247 1.998321e-04 3.186415e-03
248 7.288737e-05 2.884887e-03
249 7.288737e-05 2.884887e-03
250 7.288737e-05 2.884887e-03
251 7.288737e-05 2.884887e-03
252 1.998321e-04 3.186415e-03
253 7.481421e-05 3.061397e-03
254 2.728797e-05 2.839287e-03
255 2.728797e-05 2.839287e-03
256 7.288737e-05 2.884887e-03
257 1.998321e-04 3.186415e-03
258 3.525467e-04 1.769452e-02
259 2.215788e-03 3.000009e-02
260 1.052971e-04 1.025173e-02
261 7.505872e-04 1.371137e-02
262 1.052971e-04 1.025173e-02
263 9.641000e-04 2.540210e-02
264 9.416679e-04 1.828364e-02
265 9.641000e-04 2.540210e-02
266 3.525467e-04 1.769452e-02
267 2.940613e-04 7.638591e-03
268 8.782894e-05 5.185356e-03
269 2.812532e-04 1.042768e-02
270 3.525467e-04 1.769452e-02
271 1.052971e-04 1.025173e-02
272 1.052971e-04 1.025173e-02
273 3.525467e-04 1.769452e-02
274 3.525467e-04 1.769452e-02
275 9.416679e-04 1.828364e-02
276 1.052971e-04 1.025173e-02
277 2.744706e-04 1.067502e-02
278 3.108447e-04 1.978698e-02
279 7.331230e-04 1.113367e-02
280 3.525467e-04 1.769452e-02
281 2.812532e-04 1.042768e-02
282 8.782894e-05 5.185356e-03
283 1.052971e-04 1.025173e-02
284 2.879531e-04 1.255380e-02
285 2.575154e-03 2.701316e-02
286 9.189588e-04 1.911175e-02
287 2.513052e-03 2.927778e-02
288 3.525467e-04 1.769452e-02
289 9.641000e-04 2.540210e-02
290 9.641000e-04 2.540210e-02
291 3.525467e-04 1.769452e-02
292 3.525467e-04 1.769452e-02
293 9.641000e-04 2.540210e-02
294 3.525467e-04 1.769452e-02
295 1.815911e-03 7.159457e-03
296 2.204734e-03 1.369136e-02
297 5.746926e-03 1.922559e-02
298 5.746926e-03 1.922559e-02
299 5.746926e-03 1.922559e-02
300 1.815911e-03 7.159457e-03
301 2.262790e-03 1.769143e-02
302 1.815911e-03 7.159457e-03
303 2.422012e-04 3.731438e-03
304 9.291736e-05 3.498201e-03
305 2.422012e-04 3.731438e-03
306 6.623410e-04 4.997399e-03
307 6.966509e-04 5.410752e-03
308 6.966509e-04 5.410752e-03
309 2.540986e-04 4.359571e-03
310 2.742988e-04 5.986158e-03
311 6.966509e-04 5.410752e-03
312 2.422012e-04 3.731438e-03
313 2.540986e-04 4.359571e-03
314 2.540986e-04 4.359571e-03
315 1.815911e-03 7.159457e-03
316 1.815911e-03 7.159457e-03
317 7.589305e-05 2.980299e-03
318 7.608683e-05 2.837837e-03
319 7.149954e-04 6.674692e-03
320 1.815911e-03 7.159457e-03
321 1.815911e-03 7.159457e-03
322 2.540986e-04 4.359571e-03
323 6.966509e-04 5.410752e-03
324 2.080726e-04 3.294261e-03
325 9.537371e-05 3.723217e-03
326 1.777194e-04 1.241893e-02
327 5.892159e-04 3.102035e-02
328 1.547498e-03 3.859796e-02
329 5.892159e-04 3.102035e-02
330 1.759844e-04 1.858112e-02
331 1.839986e-04 1.390629e-02
332 5.823119e-04 3.514048e-02
333 1.839986e-04 1.390629e-02
334 1.839986e-04 1.390629e-02
335 1.759844e-04 1.858112e-02
336 1.839986e-04 1.390629e-02
337 5.892159e-04 3.102035e-02
338 5.823119e-04 3.514048e-02
339 7.608683e-05 2.837837e-03
340 7.789935e-05 3.164088e-03
341 7.789935e-05 3.164088e-03
342 2.608159e-04 4.974917e-03
343 9.537371e-05 3.723217e-03
344 8.352067e-04 1.159068e-02
345 2.848580e-05 2.790236e-03
346 3.054137e-04 7.582384e-03
347 8.352067e-04 1.159068e-02
348 3.054137e-04 7.582384e-03
349 2.080726e-04 3.294261e-03
350 2.608159e-04 4.974917e-03
351 2.608159e-04 4.974917e-03
352 7.789935e-05 3.164088e-03
353 7.789935e-05 3.164088e-03
354 2.080726e-04 3.294261e-03
355 7.789935e-05 3.164088e-03
356 2.848580e-05 2.790236e-03
357 2.608159e-04 4.974917e-03
358 2.547474e-04 3.882591e-03
359 9.537371e-05 3.723217e-03
360 9.537371e-05 3.723217e-03
361 2.608159e-04 4.974917e-03
362 3.054137e-04 7.582384e-03
363 2.608159e-04 4.974917e-03
364 7.789935e-05 3.164088e-03
365 2.608159e-04 4.974917e-03
366 2.608159e-04 4.974917e-03
367 8.254204e-04 1.231205e-02
368 2.080726e-04 3.294261e-03
369 3.018351e-04 8.350714e-03
370 2.121004e-03 1.166267e-02
371 7.961005e-04 8.810146e-03
372 1.592433e-03 4.787134e-02
373 5.031761e-04 1.792897e-02
374 4.303888e-03 4.659472e-02
375 5.031761e-04 1.792897e-02
376 3.046359e-04 9.111107e-03
377 3.046359e-04 9.111107e-03
378 3.046359e-04 9.111107e-03
379 2.540986e-04 4.359571e-03
380 9.291736e-05 3.498201e-03
381 2.547474e-04 3.882591e-03
382 2.547474e-04 3.882591e-03
383 2.547474e-04 3.882591e-03
384 2.547474e-04 3.882591e-03
385 2.890477e-03 1.817707e-02
386 3.623170e-03 3.515659e-02
387 1.324900e-03 2.020598e-02
388 6.663076e-04 6.208745e-03
389 1.966988e-03 1.290105e-02
390 7.891744e-04 6.897916e-03
391 1.290778e-03 1.708013e-02
392 8.535708e-04 1.914896e-02
393 4.832483e-04 1.627260e-02
394 1.290778e-03 1.708013e-02
395 1.573822e-03 3.200496e-02
396 2.608159e-04 4.974917e-03
397 9.513080e-05 4.200603e-03
398 3.046359e-04 9.111107e-03
399 2.608159e-04 4.974917e-03
400 2.608159e-04 4.974917e-03
401 2.608159e-04 4.974917e-03
402 2.608159e-04 4.974917e-03
403 2.608159e-04 4.974917e-03
404 2.608159e-04 4.974917e-03
405 2.608159e-04 4.974917e-03
406 2.608159e-04 4.974917e-03
407 2.608159e-04 4.974917e-03
408 2.608159e-04 4.974917e-03
409 1.179978e-02 6.439949e-02
410 2.608159e-04 4.974917e-03
411 2.608159e-04 4.974917e-03
412 2.608159e-04 4.974917e-03
413 9.513080e-05 4.200603e-03
414 2.608159e-04 4.974917e-03
415 2.608159e-04 4.974917e-03
416 2.608159e-04 4.974917e-03
417 2.608159e-04 4.974917e-03
418 2.868753e-03 1.589764e-02
419 3.684801e-03 2.432983e-02
420 1.379536e-03 2.202456e-02
421 2.608159e-04 4.974917e-03
422 7.699475e-04 1.034553e-02
423 2.608159e-04 4.974917e-03
424 2.608159e-04 4.974917e-03
425 2.608159e-04 4.974917e-03
426 2.608159e-04 4.974917e-03
427 2.608159e-04 4.974917e-03
428 2.608159e-04 4.974917e-03
429 2.608159e-04 4.974917e-03
430 2.608159e-04 4.974917e-03
431 2.608159e-04 4.974917e-03
432 2.608159e-04 4.974917e-03
433 2.608159e-04 4.974917e-03
434 2.608159e-04 4.974917e-03
435 2.608159e-04 4.974917e-03
436 2.608159e-04 4.974917e-03
437 2.608159e-04 4.974917e-03
438 2.608159e-04 4.974917e-03
439 2.608159e-04 4.974917e-03
440 1.379536e-03 2.202456e-02
441 2.608159e-04 4.974917e-03
442 3.980224e-03 6.060689e-02
443 4.812598e-04 2.242860e-02
444 3.556610e-03 4.668386e-02
445 7.019313e-04 9.218839e-03
446 3.359974e-05 3.158870e-03
447 9.537371e-05 3.723217e-03
448 2.848580e-05 2.790236e-03
449 1.039000e-05 2.705667e-03
450 7.406282e-05 3.047041e-03
451 9.067657e-05 3.579914e-03
452 2.479708e-04 4.583028e-03
453 2.486040e-04 4.106620e-03
454 9.067657e-05 3.579914e-03
455 9.513080e-05 4.200603e-03
456 2.848580e-05 2.790236e-03
457 2.775215e-05 2.723029e-03
458 3.478690e-05 3.440071e-03
459 7.320277e-04 9.188647e-03
460 8.019013e-04 8.653606e-03
461 2.479708e-04 4.583028e-03
462 7.320277e-04 9.188647e-03
463 1.124958e-04 4.957447e-03
464 3.478690e-05 3.440071e-03
465 3.478690e-05 3.440071e-03
466 3.478690e-05 3.440071e-03
467 3.478690e-05 3.440071e-03
468 9.067657e-05 3.579914e-03
469 3.478690e-05 3.440071e-03
470 3.359974e-05 3.158870e-03
471 9.537371e-05 3.723217e-03
472 3.478690e-05 3.440071e-03
473 3.478690e-05 3.440071e-03
474 9.537371e-05 3.723217e-03
475 2.608159e-04 4.974917e-03
476 6.663076e-04 6.208745e-03
477 8.352067e-04 1.159068e-02
478 2.436516e-04 4.747145e-03
479 6.663076e-04 6.208745e-03
480 2.230874e-03 1.298635e-02
481 6.585702e-03 3.290902e-02
482 2.436516e-04 4.747145e-03
483 2.436516e-04 4.747145e-03
484 9.121962e-05 4.594713e-03
485 2.494558e-04 5.791893e-03
486 9.121962e-05 4.594713e-03
487 1.966988e-03 1.290105e-02
488 8.352067e-04 1.159068e-02
489 4.756713e-03 1.092670e-01
490 2.494558e-04 5.791893e-03
491 6.663076e-04 6.208745e-03
492 2.494558e-04 5.791893e-03
493 2.494558e-04 5.791893e-03
494 6.663076e-04 6.208745e-03
495 6.663076e-04 6.208745e-03
496 9.121962e-05 4.594713e-03
497 6.663076e-04 6.208745e-03
498 6.663076e-04 6.208745e-03
499 1.319449e-03 2.634580e-02
500 2.494558e-04 5.791893e-03
