2 1.859074e-03 9.202729e-02
3 5.193152e-03 4.335539e-01
4 1.450089e-03 1.945829e-01
5 3.075529e-04 1.904245e-01
6 2.103858e-03 6.177703e-01
7 4.747511e-03 1.592863e-01
8 4.722268e-03 2.447617e-01
9 5.385810e-03 1.157474e-01
10 2.573789e-04 5.706106e-03
11 6.099049e-03 2.542950e-01
12 4.673616e-03 1.557030e-01
13 8.522156e-04 2.214709e-01
14 4.591429e-03 3.158407e-01
15 1.373939e-02 3.000741e-01
16 5.640837e-03 1.851170e-01
17 1.771528e-05 7.857832e-03
18 5.849073e-03 2.997503e-01
19 4.197506e-05 5.654660e-03
20 3.427033e-03 1.854331e-01
21 1.017400e-03 5.272126e-02
22 9.775646e-03 3.706606e-01
23 7.469423e-04 4.532401e-02
24 6.132780e-03 3.734614e-01
25 4.003244e-05 2.461471e-02
26 3.114743e-03 2.131824e-01
27 4.419026e-03 2.987113e-01
28 4.549160e-04 1.308890e-02
29 3.511519e-03 5.245545e-01
30 3.018828e-04 4.583634e-02
31 3.002101e-04 5.836702e-02
32 4.497030e-03 1.381442e-01
33 8.063034e-03 1.210399e-01
34 4.115312e-03 8.513738e-02
35 1.238215e-02 5.378787e-01
36 5.242829e-06 5.198398e-02
37 8.418409e-04 1.494629e-01
38 7.319479e-03 3.951039e-01
39 4.863813e-05 6.107266e-02
40 5.794248e-03 3.008266e-01
41 2.293618e-05 7.852352e-03
42 3.031756e-04 6.457110e-02
43 2.024584e-03 1.127020e-01
44 1.201699e-05 8.465264e-03
45 1.931263e-05 6.419745e-03
46 1.545680e-04 9.542766e-03
47 2.301328e-05 1.131083e-02
48 1.090123e-06 2.894265e-03
49 7.272483e-03 1.874864e-01
50 4.451089e-06 1.034718e-02
51 3.969940e-06 3.813047e-03
52 7.545345e-07 7.572781e-03
53 1.893794e-03 4.205714e-02
54 2.947149e-06 3.846612e-03
55 3.691773e-06 7.039060e-03
56 3.894156e-06 6.386830e-03
57 3.227437e-06 5.530453e-03
58 7.479495e-05 9.443954e-03
59 1.082918e-05 8.418160e-03
60 8.800323e-06 6.596248e-03
61 8.566958e-05 1.408844e-02
62 2.117037e-04 1.355906e-02
63 4.460541e-04 1.091759e-02
64 4.829767e-05 5.473070e-03
65 3.672583e-06 5.481270e-03
66 6.832340e-06 7.593299e-03
67 2.929120e-06 3.138019e-03
68 4.480545e-05 7.719579e-03
69 2.148794e-04 4.917716e-02
70 1.776775e-04 2.046948e-02
71 5.131229e-05 7.873003e-03
72 5.879554e-05 8.873411e-03
73 9.530944e-05 2.426733e-02
74 2.386438e-05 9.200607e-03
75 6.137710e-05 6.741577e-03
76 5.669774e-04 4.448640e-02
77 2.406624e-05 4.645960e-03
78 1.781043e-05 3.418352e-02
79 2.454616e-03 8.824891e-02
80 4.612636e-06 1.372526e-02
81 1.396705e-05 3.600391e-03
82 3.060056e-04 7.547314e-02
83 1.833041e-04 1.315717e-02
84 1.850604e-03 6.951867e-02
85 9.391378e-05 1.653131e-02
86 3.048869e-03 2.433296e-02
87 1.818003e-03 6.564135e-02
88 8.092028e-06 6.601430e-03
89 2.400301e-05 1.686491e-02
90 2.490809e-05 9.605740e-03
91 1.323600e-06 4.055466e-03
92 5.136619e-07 7.085683e-03
93 9.908540e-06 1.261506e-02
94 1.630724e-06 7.339840e-03
95 2.676629e-05 8.827555e-03
96 2.398773e-03 3.605328e-01
97 9.352392e-06 6.772557e-03
98 8.471112e-04 6.887541e-02
99 2.516126e-03 2.275409e-01
100 9.283174e-03 3.348606e-01
101 9.139250e-03 3.286435e-01
102 5.867720e-05 1.130588e-02
103 7.183529e-04 7.272196e-02
104 9.541275e-05 4.515753e-02
105 4.512021e-03 9.165356e-02
106 1.651997e-04 1.778732e-02
107 5.137133e-06 3.167162e-02
108 8.855689e-05 1.288180e-02
109 1.603756e-04 8.686172e-02
110 1.282478e-06 4.334774e-03
111 1.024939e-05 3.054672e-02
112 7.933685e-04 5.803045e-02
113 3.778166e-04 9.482793e-02
114 4.165305e-04 8.278266e-02
115 1.421161e-04 2.636143e-02
116 2.056605e-04 3.503203e-02
117 8.606611e-06 4.155462e-03
118 1.083615e-05 6.905492e-03
119 2.063975e-02 3.585686e-01
120 2.604358e-03 4.739860e-02
121 5.963139e-07 4.419128e-03
122 8.721222e-06 7.841066e-03
123 1.381480e-03 1.465804e-01
124 6.864789e-04 6.624398e-02
125 1.276175e-05 2.936784e-02
126 6.973497e-05 7.370668e-03
127 4.381854e-06 8.619744e-03
128 1.343963e-02 3.075811e-01
129 3.889692e-04 3.764420e-02
130 7.334019e-06 4.163735e-03
131 3.830784e-03 1.254735e-01
132 1.844620e-05 6.027738e-03
133 4.985135e-03 4.452245e-01
134 7.936985e-05 2.006288e-02
135 2.431460e-03 2.337838e-02
136 2.296144e-05 8.973722e-03
137 1.734658e-05 5.395401e-03
138 1.345563e-05 1.220852e-02
139 3.444163e-06 5.617709e-03
140 5.481507e-07 1.263721e-02
141 1.456981e-04 2.947032e-02
142 1.480894e-02 1.189410e-01
143 9.259874e-05 5.271836e-03
144 6.973539e-06 4.017559e-03
145 8.325252e-04 1.984481e-02
146 1.294627e-04 1.646184e-02
147 4.438970e-03 1.666588e-01
148 2.825545e-06 3.842853e-03
149 1.309373e-05 1.283544e-02
150 1.395776e-07 2.959675e-03
151 2.793921e-07 1.015828e-02
152 6.635418e-07 1.246393e-02
153 2.416046e-05 1.021010e-02
154 1.304325e-04 2.136011e-02
155 8.315269e-06 4.739893e-03
156 6.181666e-04 1.089453e-01
157 1.184122e-06 4.079345e-03
158 2.925496e-06 9.824559e-03
159 1.293250e-06 5.487492e-03
160 2.281753e-05 1.384788e-02
161 8.469808e-06 8.033360e-03
162 1.015301e-05 1.976323e-02
163 4.661200e-04 4.464320e-02
164 9.261578e-04 4.106884e-02
165 7.760641e-05 1.200980e-02
166 1.209708e-06 4.468845e-03
167 1.314801e-06 3.988450e-03
168 6.137373e-05 2.207796e-02
169 1.426670e-03 4.384685e-02
170 4.817324e-04 3.218358e-02
171 9.269490e-05 3.839848e-02
172 3.014243e-04 1.699324e-02
173 2.743806e-06 3.313897e-03
174 7.329251e-06 3.777546e-03
175 3.212647e-06 3.595924e-03
176 3.308310e-03 2.416379e-01
177 1.091044e-06 8.220862e-03
178 2.945740e-04 1.635059e-02
179 2.969489e-04 8.660932e-03
180 4.653859e-06 4.403709e-03
181 4.451056e-05 7.828490e-02
182 4.295263e-05 9.799976e-03
183 8.062573e-06 1.121078e-02
184 2.946737e-03 2.292298e-01
185 6.083696e-05 1.213614e-02
186 1.981099e-06 1.295367e-02
187 1.606789e-03 1.667721e-01
188 1.924118e-04 1.318907e-02
189 5.817767e-08 3.306231e-03
190 2.902123e-05 1.308699e-02
191 5.435373e-06 2.429468e-02
192 1.579052e-04 1.884272e-02
193 4.914828e-05 4.681001e-02
194 1.579052e-04 1.884272e-02
195 3.377847e-04 4.670838e-02
196 2.535444e-05 7.294256e-03
197 9.399247e-05 1.141695e-01
198 4.227037e-04 1.519894e-02
199 2.615867e-03 1.171179e-01
200 1.830965e-04 5.348534e-02
201 3.686013e-07 5.272450e-03
202 1.949178e-04 4.094915e-02
203 2.294497e-03 1.690147e-01
204 2.341384e-06 3.503986e-03
205 3.034996e-04 1.288709e-01
206 2.191357e-08 8.527522e-03
207 1.247163e-03 1.932588e-01
208 6.678474e-05 6.788347e-02
209 4.929832e-04 1.124459e-01
210 1.519771e-03 1.184885e-01
211 1.873896e-04 1.851100e-02
212 4.770991e-04 3.838664e-02
213 1.161142e-05 1.269898e-02
214 3.591095e-05 3.117373e-02
215 2.219249e-07 4.064393e-03
216 2.471484e-05 6.221948e-03
217 1.699816e-05 3.356230e-02
218 3.355194e-05 1.330053e-02
219 3.960868e-06 6.047764e-03
220 1.556738e-04 2.612868e-02
221 1.474906e-04 3.131015e-02
222 3.444637e-04 6.939408e-02
223 1.073528e-03 2.492664e-02
224 1.043741e-06 3.063586e-03
225 2.128860e-04 3.344743e-02
226 4.322847e-07 3.750270e-03
227 1.836409e-04 3.881888e-02
228 6.735512e-05 1.514822e-02
229 8.650241e-03 2.832016e-01
230 3.908935e-03 1.804508e-01
231 1.063086e-05 1.415709e-02
232 6.490466e-03 9.048001e-02
233 3.774897e-05 2.280152e-02
234 9.979962e-06 1.561313e-02
235 7.397695e-05 1.409669e-02
236 8.045376e-04 1.589273e-01
237 1.224875e-06 3.719444e-03
238 6.473224e-05 1.590269e-02
239 5.160491e-05 1.366504e-02
240 9.048256e-05 7.219685e-02
241 9.222762e-04 1.446354e-01
242 5.051384e-06 1.296962e-02
243 3.260211e-06 6.452096e-03
244 9.645441e-06 4.494406e-03
245 3.026696e-05 1.228417e-02
246 1.451713e-04 1.454701e-02
247 2.864072e-06 7.150783e-03
248 2.460745e-04 2.903588e-02
249 2.088752e-04 6.569531e-02
250 2.561243e-04 5.463913e-02
251 5.720486e-05 6.535578e-03
252 9.763991e-04 3.169483e-01
253 1.443682e-04 2.377780e-02
254 9.966096e-04 2.246067e-02
255 2.981617e-05 1.611416e-02
256 4.299868e-07 3.215517e-03
257 5.025380e-05 2.979976e-02
258 5.269922e-04 3.259066e-02
259 2.865554e-06 4.594066e-03
260 5.345741e-05 1.120950e-02
261 2.487384e-05 1.084021e-02
262 2.572979e-06 3.488465e-03
263 7.070105e-05 1.801593e-02
264 1.393259e-04 4.049567e-02
265 5.074834e-05 1.307457e-02
266 1.751373e-04 1.520242e-02
267 6.238619e-05 1.116311e-02
268 1.553976e-05 4.280017e-03
269 2.856396e-07 8.037742e-03
270 1.091695e-08 4.708153e-03
271 2.911769e-03 8.465626e-02
272 3.884004e-05 1.162842e-02
273 4.522676e-05 1.491125e-02
274 3.634081e-04 1.027020e-02
275 9.496510e-05 7.155101e-03
276 3.086200e-07 2.849295e-03
277 9.526268e-06 1.861342e-02
278 1.349192e-05 1.447792e-02
279 2.908074e-06 4.936561e-03
280 1.311417e-04 1.092128e-01
281 1.340038e-03 5.475361e-02
282 7.675789e-04 8.772799e-03
283 6.150330e-04 7.512813e-02
284 1.960994e-06 1.347015e-02
285 4.161893e-04 2.783046e-02
286 1.120510e-05 8.032462e-03
287 2.687468e-04 1.051841e-02
288 2.160507e-05 1.069798e-02
289 4.431707e-05 7.435086e-03
290 2.076733e-04 1.596290e-02
291 1.269888e-05 3.734303e-02
292 8.885121e-04 4.501120e-02
293 8.061919e-07 3.968218e-03
294 6.387168e-06 8.889968e-03
295 3.405774e-05 9.604752e-03
296 1.938710e-04 4.506121e-02
297 2.530204e-05 8.744820e-03
298 2.175795e-06 3.938450e-03
299 2.000045e-05 7.327613e-03
300 1.922486e-05 8.258075e-03
301 6.196320e-03 4.191231e-01
302 8.290172e-06 6.112877e-03
303 1.061766e-03 1.269468e-01
304 7.889631e-06 4.204709e-03
305 4.208612e-04 1.773751e-02
306 6.728457e-06 5.786371e-03
307 7.771163e-03 1.207399e-01
308 1.006397e-03 8.481156e-02
309 1.216441e-03 8.190502e-02
310 6.038703e-05 4.562676e-02
311 2.266104e-05 1.201328e-02
312 1.884225e-04 6.520949e-02
313 5.239374e-04 5.725222e-02
314 1.013593e-05 4.298335e-03
315 1.660340e-04 5.663451e-02
316 8.021319e-04 2.871925e-01
317 4.065232e-04 7.193788e-02
318 1.834173e-03 1.408602e-01
319 2.628139e-03 8.822680e-02
320 2.722919e-05 6.456662e-03
321 9.533452e-06 1.181294e-02
322 1.892934e-06 7.724027e-03
323 7.479423e-03 5.566202e-01
324 3.002734e-06 5.576924e-03
325 7.614261e-05 8.444585e-03
326 4.539537e-07 6.224491e-03
327 3.058468e-05 8.284242e-03
328 7.585002e-04 3.693971e-02
329 1.324468e-03 1.825187e-01
330 7.689108e-07 2.868271e-03
331 7.732410e-04 7.746510e-02
332 3.317540e-04 1.313308e-02
333 1.423279e-04 1.616684e-02
334 3.535402e-06 9.568090e-03
335 9.184304e-07 1.128462e-02
336 1.869087e-04 1.510484e-02
337 8.512059e-06 4.434642e-03
338 5.182788e-03 4.579975e-02
339 1.504912e-04 1.333489e-02
340 5.022038e-05 8.254544e-02
341 7.895689e-05 5.680643e-02
342 1.254697e-03 3.974881e-02
343 1.462008e-06 4.802375e-03
344 5.562878e-04 1.524931e-01
345 3.734316e-04 7.645749e-02
346 4.556498e-04 2.071507e-01
347 6.897027e-08 3.686999e-03
348 1.041486e-03 5.589771e-02
349 6.084469e-05 1.105737e-02
350 6.352837e-07 5.727093e-03
351 7.362140e-04 3.100909e-01
352 7.539414e-05 1.485796e-02
353 1.586774e-06 3.631746e-03
354 8.294454e-04 8.322699e-02
355 3.547516e-05 3.900803e-02
356 6.520840e-05 8.037269e-03
357 1.061255e-03 6.331429e-02
358 9.942599e-06 7.020602e-03
359 1.472856e-07 5.734678e-03
360 2.950368e-06 3.748017e-03
361 5.046224e-05 1.233809e-02
362 1.219707e-04 8.531434e-02
363 4.478683e-04 1.033564e-01
364 2.292791e-04 1.372776e-01
365 4.222677e-05 8.748352e-02
366 1.685809e-06 8.625025e-03
367 3.190174e-06 7.475290e-03
368 9.665147e-03 1.993175e-01
369 4.817923e-06 7.410670e-03
370 9.197122e-04 8.858574e-02
371 3.885056e-04 1.410833e-02
372 5.586163e-03 4.473818e-01
373 2.803639e-04 1.066729e-02
374 8.430708e-07 8.871112e-03
375 4.294964e-06 4.649921e-03
376 1.509368e-05 1.192001e-02
377 2.242007e-04 3.468276e-02
378 7.892009e-06 1.016491e-02
379 3.714546e-04 2.589947e-02
380 3.483168e-03 1.113188e-01
381 2.124253e-04 6.538159e-02
382 3.013995e-05 5.791690e-03
383 2.580524e-04 2.359600e-02
384 3.159441e-05 6.935773e-03
385 2.017422e-03 3.781669e-02
386 7.983566e-06 5.187409e-03
387 3.286937e-04 4.484309e-02
388 2.932285e-05 3.506304e-02
389 9.456291e-05 1.139235e-02
390 2.190717e-05 5.361630e-03
391 8.015431e-05 1.918005e-02
392 2.163795e-03 1.647485e-01
393 8.053738e-07 3.310530e-03
394 1.530180e-03 9.943347e-02
395 2.651375e-05 1.759369e-02
396 6.671445e-06 1.736473e-02
397 6.393932e-05 1.191088e-02
398 5.626690e-06 5.442133e-03
399 2.524283e-05 5.420799e-03
400 3.383349e-04 2.482507e-02
401 3.330098e-06 4.365779e-03
402 9.400422e-05 2.668525e-02
403 5.932002e-04 4.384251e-02
404 3.007536e-05 1.656005e-02
405 5.475796e-05 6.417412e-03
406 1.454101e-04 1.051878e-02
407 8.805262e-05 3.321892e-02
408 1.127446e-04 1.475501e-01
409 1.313095e-04 2.979021e-02
410 6.247410e-05 1.172420e-02
411 2.134608e-05 1.887951e-02
412 1.976472e-04 2.249125e-02
413 3.035383e-04 2.992093e-02
414 4.083676e-06 1.298924e-02
415 7.966885e-08 4.020980e-03
416 2.629450e-04 6.099209e-02
417 7.404812e-05 4.301614e-03
418 5.684931e-04 3.398073e-02
419 1.488810e-03 1.342016e-01
420 2.575565e-05 7.105112e-03
421 2.045620e-05 1.978651e-02
422 6.189984e-04 8.346083e-02
423 1.915168e-04 7.254634e-03
424 2.944928e-05 8.164745e-03
425 3.555666e-05 3.161236e-02
426 1.669977e-04 1.247254e-02
427 2.685586e-04 1.074515e-01
428 3.535236e-06 2.176440e-02
429 1.807030e-04 2.626862e-02
430 2.729642e-05 7.841722e-03
431 2.004846e-06 3.421777e-03
432 4.201528e-05 7.451324e-03
433 1.621195e-07 3.548022e-03
434 3.147277e-05 1.370376e-02
435 1.516775e-04 3.591235e-02
436 3.318210e-07 3.560375e-03
437 1.968276e-04 8.023948e-02
438 3.865318e-07 3.498012e-03
439 3.650519e-06 4.468894e-03
440 8.631733e-06 1.131802e-02
441 8.502647e-05 3.024182e-02
442 3.423088e-06 6.221526e-03
443 2.655000e-05 7.378905e-03
444 1.244636e-03 3.561417e-02
445 1.241516e-03 3.853203e-02
446 3.889028e-05 5.755928e-03
447 1.170070e-05 5.038359e-03
448 3.283865e-03 8.197113e-02
449 7.117949e-06 3.986621e-03
450 4.127428e-06 1.548363e-02
451 9.699236e-07 4.961132e-03
452 4.829032e-03 2.617685e-01
453 1.174488e-04 2.776623e-02
454 5.257305e-04 7.744997e-02
455 2.921086e-05 1.494434e-02
456 1.313185e-02 1.945337e-01
457 3.887322e-04 2.872316e-02
458 7.129542e-05 5.244225e-02
459 1.850111e-05 1.517184e-01
460 9.906002e-04 3.022006e-02
461 1.551790e-04 8.427341e-03
462 1.054534e-06 6.114770e-03
463 4.799430e-04 1.951653e-02
464 1.444723e-05 3.489134e-02
465 5.438885e-05 1.789217e-02
466 8.999239e-06 1.463739e-02
467 1.717309e-06 2.209195e-02
468 5.482627e-08 3.298142e-03
469 1.535458e-03 2.500752e-02
470 5.457947e-04 2.831405e-02
471 4.663968e-06 6.492122e-03
472 1.688316e-04 1.148225e-02
473 3.105542e-03 1.232267e-01
474 1.104322e-04 9.083718e-03
475 1.708381e-05 4.944196e-03
476 1.436944e-06 4.431650e-03
477 1.497708e-05 1.685616e-02
478 5.759004e-07 4.420534e-03
479 3.023504e-06 9.063843e-03
480 1.523856e-04 8.876699e-03
481 8.505845e-06 5.726703e-03
482 8.836968e-06 6.086553e-03
483 2.336995e-06 6.050588e-03
484 1.480863e-06 5.777410e-03
485 8.709464e-04 2.948913e-02
486 3.314412e-04 1.227494e-02
487 4.551539e-04 6.958693e-02
488 9.978459e-05 3.486868e-02
489 9.256701e-04 8.350893e-02
490 9.244707e-05 2.866723e-02
491 2.593819e-03 9.123590e-02
492 1.286405e-03 8.124620e-02
493 2.963232e-05 4.111210e-03
494 1.342531e-02 2.633768e-01
495 1.051862e-03 2.145061e-02
496 9.265954e-06 1.108378e-02
497 1.119972e-03 1.292281e-01
498 1.225657e-06 7.016795e-03
499 3.539221e-06 8.444395e-03
500 1.692515e-05 9.209438e-03
501 4.842824e-04 4.481112e-02
