1 8.343103e-05 7.822337e-02
2 7.838658e-08 9.773893e-02
3 2.632277e-03 1.184488e-01
4 7.564943e-06 2.235698e-02
5 1.922932e-07 4.130717e-03
6 4.735274e-03 6.324096e-01
7 1.465398e-02 8.424586e-01
8 1.667714e-04 7.329023e-02
9 3.654647e-07 3.205882e-03
10 2.320744e-03 4.378911e-01
11 5.691100e-08 9.371493e-03
12 2.485001e-04 3.932400e-02
13 1.080098e-03 3.268506e-01
14 5.535709e-08 5.690957e-03
15 1.278813e-03 1.099549e-01
16 1.861509e-03 2.488145e-01
17 3.426065e-10 7.217048e-03
18 1.279622e-05 1.952800e-02
19 2.408302e-04 8.557912e-02
20 5.082980e-11 5.073521e-03
21 2.990857e-02 1.035663e+00
22 1.510872e-03 1.323105e-01
23 9.750997e-08 5.918321e-03
24 3.104446e-05 5.395415e-02
25 2.147828e-04 5.460847e-02
26 8.393513e-03 2.768499e-01
27 2.292672e-04 3.022669e-02
28 1.645269e-09 4.300946e-03
29 1.476112e-03 3.996010e-01
30 1.196425e-02 1.328578e+00
31 1.016579e-03 4.449505e-02
32 9.054031e-03 1.283441e-01
33 2.779941e-06 3.253253e-03
34 1.500727e-10 2.780130e-03
35 4.124790e-06 2.540970e-02
36 2.940721e-03 4.135249e-01
37 1.811667e-06 6.769538e-02
38 1.281599e-06 2.253220e-02
39 6.226663e-09 2.842613e-03
40 5.823874e-06 1.468819e-02
41 8.604747e-04 2.058637e-01
42 3.989996e-07 2.019195e-02
43 8.579959e-03 3.633404e-01
44 1.320228e-05 5.720553e-02
45 2.589494e-04 5.485680e-02
46 7.867547e-06 1.070508e-02
47 1.266958e-03 2.761840e-01
48 2.467575e-08 3.290239e-03
49 8.893483e-05 6.114448e-02
50 5.049955e-03 6.218805e-01
51 4.421125e-04 8.720780e-02
52 3.119256e-04 1.918401e-02
53 3.787902e-05 6.597169e-03
54 1.406655e-06 1.909673e-02
55 4.912815e-06 3.812829e-03
56 4.740331e-03 7.563092e-01
57 7.665497e-05 3.292195e-02
58 1.364486e-04 2.167973e-02
59 6.350919e-05 4.110016e-02
60 3.966198e-06 1.991565e-02
61 4.381918e-03 7.363102e-01
62 3.561121e-03 1.964098e-01
63 2.756799e-08 3.971522e-03
64 6.885369e-07 3.504252e-03
65 3.227020e-04 1.974124e-01
66 9.098456e-09 2.862892e-03
67 1.446275e-07 8.855081e-03
68 8.665017e-09 4.155385e-03
69 4.723140e-07 6.832506e-03
70 7.754888e-08 1.086331e-02
71 2.429536e-03 1.715043e-01
72 8.726619e-06 5.536494e-03
73 9.863890e-08 3.151890e-03
74 1.929547e-04 1.147538e-01
75 2.891188e-08 4.010507e-03
76 1.429507e-04 6.405269e-03
77 1.247773e-08 4.439856e-03
78 4.209626e-03 3.518536e-01
79 1.049241e-02 5.990183e-01
80 1.256525e-07 9.118359e-03
81 3.422188e-09 2.817604e-03
82 4.582422e-06 1.068449e-02
83 4.260309e-06 5.545617e-03
84 1.623118e-04 2.833302e-02
85 2.270955e-03 4.843037e-01
86 1.341157e-04 4.664735e-02
87 3.011646e-08 4.129823e-03
88 7.218564e-07 1.091348e-02
89 7.515400e-05 1.907318e-01
90 5.193426e-05 1.940239e-02
91 9.467640e-06 2.924933e-02
92 1.488774e-02 1.424475e+00
93 3.361063e-04 1.558019e-01
94 3.074452e-07 4.770159e-03
95 3.231938e-05 1.020784e-01
96 4.633724e-08 4.116325e-03
97 1.109969e-06 8.584348e-03
98 1.816771e-06 7.370370e-03
99 1.389279e-04 5.824969e-02
100 1.299312e-02 8.246989e-01
101 1.452337e-08 5.900249e-03
102 2.025993e-07 5.634535e-03
103 1.424630e-05 1.040459e-01
104 1.158432e-05 1.484211e-02
105 2.892056e-04 1.213799e-01
106 4.626862e-07 6.690794e-03
107 2.041249e-09 4.345379e-03
108 2.452749e-08 4.347642e-03
109 1.670793e-07 3.469803e-03
110 5.704126e-06 1.294555e-02
111 1.047523e-05 2.538557e-02
112 1.123283e-05 3.263227e-02
113 1.092039e-03 2.322277e-01
114 1.259369e-02 5.440866e-01
115 4.345994e-03 5.331622e-01
116 4.406785e-03 3.782527e-01
117 5.795508e-04 8.073311e-02
118 5.312569e-03 1.020840e+00
119 9.971038e-05 1.039237e-02
120 3.277651e-05 1.609148e-02
121 3.414507e-05 4.759526e-02
122 4.363166e-05 6.192865e-02
123 2.343791e-06 5.501165e-03
124 2.829905e-04 4.455016e-02
125 6.550060e-06 1.107280e-02
126 1.808232e-05 1.326302e-02
127 8.332993e-06 1.570766e-02
128 7.502443e-06 3.785665e-02
129 1.817196e-05 1.302439e-02
130 5.540111e-06 8.681164e-03
131 7.598619e-06 1.255657e-02
132 5.553495e-04 2.015344e-01
133 3.558124e-04 4.367365e-02
134 1.220750e-04 1.249693e-01
135 2.602528e-06 8.869694e-03
136 4.127729e-05 1.572607e-02
137 5.660371e-04 1.450622e-01
138 6.219779e-06 1.215633e-02
139 2.487951e-06 1.317925e-02
140 1.035426e-06 6.754576e-03
141 2.102652e-06 6.710813e-03
142 2.775491e-05 8.082033e-03
143 2.300612e-06 6.189798e-03
144 7.910619e-06 1.461555e-02
145 1.228594e-06 9.483282e-03
146 1.769753e-08 2.920913e-03
147 5.368650e-07 1.007923e-02
148 7.988259e-07 6.144676e-03
149 1.973065e-06 5.067087e-03
150 4.754780e-08 6.482791e-03
151 1.380803e-07 3.797310e-03
152 1.454077e-07 5.740023e-03
153 1.421957e-05 1.407664e-02
154 1.878916e-06 5.026308e-03
155 3.256693e-07 6.114514e-03
156 6.853387e-06 1.449711e-02
157 9.371131e-07 5.637995e-03
158 3.243472e-04 5.434197e-02
159 5.324317e-05 2.337475e-02
160 2.048181e-05 1.158859e-02
161 1.434606e-04 2.819002e-02
162 8.660358e-06 7.384428e-03
163 7.202066e-06 6.362842e-03
164 1.904610e-05 7.129101e-03
165 7.288296e-06 6.346420e-03
166 7.483377e-06 6.611185e-03
167 1.214806e-04 1.371051e-02
168 7.187242e-04 2.802677e-02
169 1.581821e-04 4.791629e-02
170 2.092923e-05 1.030580e-02
171 4.313600e-05 1.053565e-02
172 1.189093e-04 1.181430e-02
173 1.642085e-04 4.491192e-02
174 6.020308e-04 1.520892e-01
175 7.082902e-05 1.986295e-02
176 1.110150e-05 1.454858e-02
177 1.110150e-05 1.454858e-02
178 1.343977e-06 5.046558e-03
179 8.013795e-05 3.021299e-02
180 3.014825e-05 2.186641e-02
181 4.910405e-04 1.021269e-01
182 3.706967e-05 5.182699e-02
183 8.800275e-06 1.173995e-02
184 4.855326e-04 9.029764e-02
185 1.534404e-03 1.865313e-01
186 1.338919e-05 4.165030e-02
187 4.702554e-06 1.331510e-02
188 7.076920e-05 3.022919e-02
189 2.940848e-05 1.659284e-02
190 1.874964e-04 4.651533e-02
191 9.971631e-05 6.243966e-02
192 6.050685e-06 1.424142e-02
193 1.723298e-04 4.655450e-02
194 4.198173e-06 9.115792e-03
195 7.189301e-05 2.047265e-02
196 7.333550e-05 1.880026e-02
197 4.284154e-04 2.575821e-02
198 2.722834e-05 1.327879e-02
199 6.995274e-05 1.876374e-02
200 3.599595e-05 2.290979e-02
201 7.412588e-06 5.772704e-03
202 2.065719e-06 1.563481e-02
203 3.311288e-05 1.467562e-02
204 7.846475e-06 7.714459e-03
205 8.607730e-06 5.504354e-03
206 3.219437e-05 1.400848e-02
207 1.439863e-06 8.300138e-03
208 8.286966e-07 7.212110e-03
209 4.236697e-06 7.715101e-03
210 3.679001e-06 5.330756e-03
211 3.355448e-05 1.442632e-02
212 3.014488e-03 1.522380e-01
213 5.775930e-06 2.852496e-02
214 8.322851e-05 1.005999e-02
215 3.261505e-05 2.238594e-02
216 5.691561e-06 2.391569e-02
217 2.265833e-05 1.553991e-02
218 9.142779e-04 1.004494e-01
219 5.198848e-05 2.440170e-02
220 1.497302e-06 8.697546e-03
221 3.472025e-05 3.486791e-02
222 7.245857e-05 7.551797e-02
223 2.794867e-05 2.512800e-02
224 2.065426e-05 8.902612e-03
225 1.691391e-07 6.101961e-03
226 7.012596e-08 5.589004e-03
227 1.173553e-06 6.714880e-03
228 8.564005e-06 2.552678e-02
229 1.653670e-05 1.931258e-02
230 5.042850e-05 4.543338e-02
231 3.874076e-04 1.663592e-01
232 9.872645e-04 2.510602e-01
233 1.877352e-05 1.700922e-02
234 6.276730e-06 7.915787e-03
235 5.147052e-05 4.191048e-02
236 2.777688e-06 1.210846e-02
237 1.178822e-04 4.416359e-02
238 2.454671e-06 7.784630e-03
239 4.579898e-07 6.603644e-03
240 2.472482e-06 6.606480e-03
241 6.729863e-06 1.661982e-02
242 5.730501e-06 8.014259e-03
243 4.646382e-05 1.439095e-02
244 1.705445e-07 4.996645e-03
245 1.072968e-04 3.572225e-02
246 1.209283e-04 4.880186e-02
247 5.147052e-05 4.191048e-02
248 2.278504e-05 2.532265e-02
249 6.813321e-06 1.312712e-02
250 1.089981e-06 7.781311e-03
251 1.089981e-06 7.781311e-03
252 5.697987e-05 2.150654e-02
253 8.342577e-06 9.650769e-03
254 7.229189e-06 7.979043e-03
255 4.272633e-05 1.219660e-02
256 3.784311e-07 6.290333e-03
257 5.147052e-05 4.191048e-02
258 1.553932e-03 3.263758e-01
259 2.108644e-04 1.196563e-01
260 6.045715e-07 1.220210e-02
261 2.739945e-05 3.300150e-02
262 1.704374e-06 1.445792e-02
263 9.794389e-05 8.718473e-02
264 1.531872e-05 5.623250e-02
265 3.517847e-05 5.546699e-02
266 2.207354e-04 4.291336e-02
267 4.245989e-04 8.747530e-02
268 3.213090e-06 6.648834e-03
269 5.828712e-05 2.906819e-02
270 8.252254e-07 2.409515e-02
271 2.715328e-06 1.129820e-02
272 3.518311e-06 1.293322e-02
273 1.324608e-05 2.163034e-02
274 8.313701e-05 2.569776e-02
275 1.874663e-06 2.444019e-02
276 2.794157e-06 1.136386e-02
277 2.708619e-05 2.723306e-02
278 7.242655e-07 2.697760e-02
279 1.693520e-04 3.869244e-02
280 1.324608e-05 2.163034e-02
281 1.002112e-05 1.750704e-02
282 2.309167e-05 1.006182e-02
283 1.311633e-06 1.230685e-02
284 9.307546e-06 1.501641e-02
285 1.407257e-03 3.823339e-01
286 1.517028e-05 3.766644e-02
287 1.210641e-04 1.348421e-01
288 2.908639e-05 2.929236e-02
289 9.250107e-05 5.585564e-02
290 2.530625e-04 6.966006e-02
291 1.057155e-04 4.393868e-02
292 6.320513e-04 1.031187e-01
293 4.224414e-03 2.031054e-01
294 1.848596e-04 3.187108e-02
295 2.555979e-03 4.319519e-01
296 7.971753e-03 7.024345e-01
297 6.665243e-03 6.573602e-01
298 7.794842e-05 1.747755e-01
299 3.645542e-05 1.051907e-01
300 7.091308e-05 4.053707e-02
301 2.804991e-04 3.598722e-01
302 2.857662e-05 8.849203e-02
303 7.228528e-06 9.161867e-03
304 3.382271e-06 9.763040e-03
305 1.341626e-06 8.568498e-03
306 5.602289e-07 1.613016e-02
307 2.295197e-05 1.891725e-02
308 9.466801e-06 1.766882e-02
309 7.583609e-06 1.005675e-02
310 9.171686e-08 1.045042e-02
311 3.805129e-06 1.729447e-02
312 1.298344e-06 7.871148e-03
313 1.338081e-06 6.543124e-03
314 1.407530e-06 9.434237e-03
315 1.421368e-06 1.985397e-02
316 2.532021e-05 4.869059e-02
317 3.154884e-09 3.218413e-03
318 9.039771e-09 3.173101e-03
319 6.189023e-07 1.886625e-02
320 1.784144e-04 4.838402e-02
321 9.761034e-08 1.484940e-02
322 3.969924e-04 4.775707e-02
323 1.170137e-03 2.358502e-01
324 3.920937e-06 2.203465e-02
325 1.994773e-05 1.193125e-02
326 2.037645e-04 3.182797e-02
327 1.733143e-03 1.148152e-01
328 8.521440e-04 1.658424e-01
329 4.761244e-03 1.675771e-01
330 8.818848e-03 3.897511e-01
331 2.837836e-02 6.292507e-01
332 4.058460e-03 1.708527e-01
333 6.148384e-04 5.151447e-02
334 5.945721e-04 5.487072e-02
335 1.382591e-03 4.505101e-02
336 4.015526e-03 9.330073e-02
337 4.314079e-03 3.600049e-01
338 1.220127e-02 3.584592e-01
339 1.515263e-04 2.393913e-02
340 2.670519e-07 4.493179e-03
341 2.081971e-07 3.781871e-03
342 7.562349e-05 1.322128e-02
343 1.845332e-04 2.475308e-02
344 8.462037e-04 1.180921e-01
345 2.615721e-07 3.212004e-03
346 6.983437e-06 2.950216e-02
347 2.707036e-06 4.565627e-02
348 8.938052e-05 1.663697e-02
349 7.364558e-04 8.009661e-02
350 1.591717e-05 2.985341e-02
351 2.514032e-06 1.570198e-02
352 7.476362e-07 6.353216e-03
353 5.912132e-06 1.216722e-02
354 1.597555e-06 6.458239e-03
355 7.855460e-07 5.492084e-03
356 2.196463e-07 3.209972e-03
357 4.708515e-04 3.206956e-02
358 3.802093e-04 3.869881e-02
359 2.237240e-04 1.789635e-02
360 3.124524e-05 1.055504e-02
361 4.629165e-04 2.740852e-02
362 1.447992e-05 2.067594e-02
363 5.584128e-06 1.578098e-02
364 7.476362e-07 6.353216e-03
365 4.212731e-04 5.170256e-02
366 4.376158e-04 1.008958e-01
367 1.224693e-05 2.591244e-02
368 7.364558e-04 8.009661e-02
369 2.491055e-04 4.713776e-02
370 2.320179e-05 4.357254e-02
371 4.228523e-06 1.976989e-02
372 3.179851e-03 3.575258e-01
373 3.507740e-04 1.892809e-01
374 3.088317e-03 6.772935e-01
375 1.194093e-04 4.394740e-02
376 2.637762e-03 1.099485e-01
377 2.900100e-04 5.766410e-02
378 3.464575e-04 6.618230e-02
379 1.687917e-06 2.115605e-02
380 2.462004e-05 8.881008e-03
381 5.363408e-06 1.035186e-02
382 2.368395e-03 3.841782e-01
383 4.000574e-07 8.390273e-03
384 8.304470e-06 1.305573e-02
385 8.349776e-04 1.361940e-01
386 5.805011e-04 1.899282e-01
387 3.878305e-03 2.201986e-01
388 2.192406e-03 1.885309e-01
389 3.127424e-03 4.167569e-01
390 1.556411e-02 4.948990e-01
391 3.340129e-03 1.231316e-01
392 1.648634e-03 3.791470e-01
393 6.042868e-04 9.630664e-02
394 5.905246e-04 1.402291e-01
395 3.579945e-03 1.749955e-01
396 1.701040e-06 1.029012e-02
397 1.755373e-05 5.923428e-03
398 2.698888e-05 3.205832e-02
399 9.737521e-06 1.146474e-02
400 2.360832e-05 1.205555e-02
401 1.650301e-06 1.000063e-02
402 1.515549e-06 9.254394e-03
403 3.894441e-06 1.134545e-02
404 2.854821e-05 1.517736e-02
405 8.771454e-06 1.192415e-02
406 8.626455e-06 1.755580e-02
407 1.699187e-06 9.777401e-03
408 3.283599e-06 1.337391e-02
409 5.195667e-03 4.669857e-01
410 3.971708e-06 7.864044e-03
411 1.699187e-06 9.777401e-03
412 2.651669e-03 6.477217e-02
413 2.692813e-06 8.049904e-03
414 3.900697e-06 1.055572e-02
415 1.052388e-05 1.085156e-02
416 3.086943e-06 6.920692e-03
417 3.086943e-06 6.920692e-03
418 8.174082e-03 3.061459e-01
419 3.089410e-04 1.016045e-01
420 3.859017e-05 3.703555e-02
421 4.772476e-05 2.081575e-02
422 6.760414e-05 2.950287e-02
423 1.112023e-06 6.367814e-03
424 6.454954e-05 3.917035e-02
425 5.940189e-05 1.115548e-02
426 1.138841e-03 1.402020e-01
427 9.312814e-04 6.796047e-02
428 4.176192e-06 9.068667e-03
429 1.058188e-07 8.345861e-03
430 5.843917e-07 8.359184e-03
431 7.276872e-07 8.710196e-03
432 4.711199e-07 6.357658e-03
433 7.506093e-05 2.227256e-02
434 1.466084e-06 8.505514e-03
435 1.663627e-06 1.171347e-02
436 4.674336e-04 4.030598e-02
437 4.085824e-04 2.714159e-02
438 5.953127e-07 8.877078e-03
439 9.336679e-04 6.609154e-02
440 2.446185e-06 2.845334e-02
441 5.109163e-07 6.204946e-03
442 9.241879e-03 7.923944e-01
443 1.256043e-02 3.497139e-01
444 4.501577e-03 7.800598e-01
445 1.510267e-04 1.140845e-01
446 2.991730e-08 4.363894e-03
447 1.107854e-05 1.014354e-02
448 2.973055e-08 3.827988e-03
449 1.715833e-07 3.332480e-03
450 1.753833e-07 5.363153e-03
451 2.571702e-05 2.822093e-02
452 3.770403e-06 1.496621e-02
453 2.183941e-05 2.261114e-02
454 3.631172e-06 8.312645e-03
455 3.859603e-06 1.004653e-02
456 4.827576e-09 3.635485e-03
457 2.968989e-08 3.558421e-03
458 5.793538e-07 4.906406e-03
459 9.397931e-05 9.381076e-02
460 7.955890e-05 4.798954e-02
461 4.129796e-06 1.503548e-02
462 1.083054e-05 3.802920e-02
463 1.128681e-05 1.225836e-02
464 5.748857e-07 4.997452e-03
465 1.557573e-06 5.189955e-03
466 9.839790e-08 4.797987e-03
467 4.045382e-06 6.978707e-03
468 3.930889e-06 8.466680e-03
469 2.390881e-07 4.798995e-03
470 7.899885e-08 4.779927e-03
471 1.613336e-06 8.430426e-03
472 3.490203e-06 5.697721e-03
473 2.182816e-07 4.798624e-03
474 1.709087e-06 7.486495e-03
475 3.928012e-06 1.715212e-02
476 7.034514e-04 5.671863e-02
477 6.191921e-05 2.371720e-02
478 3.089568e-04 6.932559e-02
479 1.271583e-04 3.992597e-02
480 5.130214e-04 1.392731e-01
481 4.681356e-04 1.334537e-01
482 7.254904e-06 7.168173e-03
483 1.611725e-05 8.459124e-03
484 3.484239e-05 6.550662e-03
485 7.435044e-06 1.040685e-02
486 2.805048e-06 5.697691e-03
487 1.560998e-04 9.232765e-02
488 4.282558e-04 6.679783e-02
489 1.373129e-02 5.643935e-01
490 1.540982e-05 9.366696e-03
491 3.612742e-04 4.301870e-02
492 6.687525e-06 7.262248e-03
493 2.836622e-04 2.530590e-02
494 7.009260e-04 8.946685e-02
495 1.019361e-04 1.973365e-02
496 1.029180e-06 5.311560e-03
497 2.365989e-04 1.550172e-02
498 4.432844e-05 1.631893e-02
499 2.049701e-04 6.052106e-02
500 2.977098e-06 7.316781e-03
