1 3.511291e-04 2.413078e-02
2 1.628540e-03 8.826270e-02
3 1.428508e-04 8.688661e-03
4 2.719749e-04 5.300020e-03
5 1.025773e-04 3.188231e-03
6 2.552293e-03 1.231633e-01
7 1.318941e-02 1.436193e-01
8 1.197196e-03 3.557060e-02
9 1.059680e-05 3.110765e-03
10 5.134275e-03 1.392315e-01
11 4.377768e-05 8.760662e-03
12 5.199240e-04 1.273816e-02
13 4.431795e-03 1.078264e-01
14 3.007323e-05 5.391877e-03
15 2.365086e-03 3.883912e-02
16 2.041687e-03 7.786153e-02
17 9.312374e-05 6.816096e-03
18 3.133080e-04 9.717606e-03
19 6.729265e-04 4.601954e-02
20 1.480983e-05 4.999563e-03
21 1.208547e-02 1.810006e-01
22 2.464587e-03 1.913639e-02
23 1.082108e-04 5.256773e-03
24 2.112993e-03 9.386752e-03
25 6.053273e-04 2.850677e-02
26 2.374081e-03 1.964713e-02
27 2.202532e-04 2.038411e-02
28 1.396137e-05 4.113454e-03
29 1.738156e-03 6.910542e-02
30 1.140867e-02 3.084241e-01
31 9.275760e-04 2.677694e-02
32 5.944689e-05 2.013983e-02
33 4.866048e-06 3.056514e-03
34 1.593736e-06 2.766313e-03
35 2.505744e-04 5.779196e-03
36 9.260532e-03 5.661348e-02
37 2.348131e-04 6.030254e-02
38 2.763326e-05 2.114063e-02
39 3.342395e-06 2.750011e-03
40 2.315398e-04 4.522279e-03
41 7.990458e-04 2.880565e-02
42 2.060692e-04 1.761830e-02
43 4.730528e-04 2.977919e-02
44 2.263779e-03 1.440781e-02
45 3.022349e-04 6.923274e-03
46 9.814899e-05 8.766140e-03
47 1.071337e-03 2.976492e-02
48 3.162096e-05 3.068808e-03
49 2.950167e-04 4.842444e-03
50 7.249279e-03 7.238478e-02
51 7.786458e-04 3.156512e-02
52 3.167650e-04 5.538306e-03
53 3.680103e-05 2.933022e-03
54 2.969690e-04 9.297177e-03
55 5.069419e-06 3.625260e-03
56 3.150549e-03 3.688254e-02
57 1.654629e-04 2.132374e-02
58 3.493405e-04 1.727883e-02
59 1.903589e-03 8.719245e-03
60 1.237831e-04 9.931482e-03
61 1.091471e-02 1.456544e-01
62 8.222265e-05 2.246148e-02
63 1.554218e-05 3.755787e-03
64 1.064807e-05 2.839237e-03
65 3.832636e-03 6.551873e-02
66 4.178209e-06 2.832767e-03
67 8.894880e-05 6.289468e-03
68 4.627696e-06 4.072291e-03
69 9.887568e-05 5.135471e-03
70 2.046604e-05 1.057057e-02
71 5.945762e-04 1.788358e-02
72 8.578682e-05 3.971073e-03
73 1.204741e-05 3.009637e-03
74 4.447879e-04 2.803789e-02
75 4.061337e-05 3.550909e-03
76 5.335065e-06 2.865611e-03
77 3.810225e-05 3.938355e-03
78 2.708949e-03 3.623209e-02
79 2.327433e-02 7.786032e-02
80 4.473780e-05 8.804835e-03
81 1.650952e-06 2.785171e-03
82 1.257662e-04 4.240727e-03
83 9.076288e-05 3.873266e-03
84 9.117353e-04 1.275113e-02
85 1.451858e-02 1.662712e-01
86 1.818267e-04 2.655007e-02
87 1.190691e-05 3.953211e-03
88 1.251664e-04 9.342051e-03
89 1.656979e-03 1.634313e-01
90 3.102105e-04 1.556098e-02
91 1.211076e-04 1.009828e-02
92 1.154573e-02 1.189670e-01
93 6.600624e-04 4.302135e-02
94 1.642706e-05 4.212493e-03
95 3.073153e-04 1.600027e-02
96 1.439978e-05 3.824687e-03
97 2.032529e-04 4.919463e-03
98 8.710390e-05 5.318140e-03
99 8.561025e-04 6.624880e-03
100 4.669483e-03 1.272647e-01
101 1.988014e-04 4.359598e-03
102 1.001696e-04 4.703188e-03
103 3.644677e-03 6.234856e-02
104 1.438974e-04 1.099125e-02
105 1.301748e-03 2.474790e-02
106 2.070602e-04 5.232567e-03
107 8.181651e-05 3.964509e-03
108 8.181651e-05 3.964509e-03
109 3.400842e-05 3.141722e-03
110 1.716267e-04 1.095519e-02
111 1.488051e-04 1.966383e-02
112 3.641738e-04 1.230253e-02
113 1.587518e-03 4.640494e-02
114 1.012357e-02 7.826687e-02
115 3.598029e-03 6.644195e-02
116 4.196810e-03 9.460238e-02
117 6.004187e-04 5.715796e-02
118 1.252539e-02 1.807861e-01
119 9.002857e-05 6.033290e-03
120 2.282906e-04 6.719988e-03
121 1.115842e-03 2.304307e-02
122 6.289224e-04 7.703968e-03
123 2.002497e-04 3.951791e-03
124 1.501379e-03 1.224666e-02
125 8.190237e-05 4.523288e-03
126 2.398753e-04 9.451709e-03
127 2.704515e-04 1.160185e-02
128 1.501379e-03 1.224666e-02
129 8.053248e-05 5.114095e-03
130 7.286360e-05 3.899964e-03
131 8.855270e-05 7.057034e-03
132 3.023663e-03 2.924473e-02
133 7.554502e-04 1.070761e-02
134 1.199293e-03 5.290310e-02
135 8.855270e-05 7.057034e-03
136 2.243524e-04 8.054219e-03
137 1.186669e-03 3.831194e-02
138 2.243524e-04 8.054219e-03
139 2.243524e-04 8.054219e-03
140 8.183100e-05 5.323757e-03
141 8.183100e-05 5.323757e-03
142 8.183100e-05 5.323757e-03
143 2.085075e-04 4.091200e-03
144 2.243524e-04 8.054219e-03
145 8.855270e-05 7.057034e-03
146 8.937419e-06 2.828336e-03
147 2.534036e-04 6.986770e-03
148 8.183100e-05 5.323757e-03
149 7.992127e-05 4.067010e-03
150 2.075035e-04 5.445584e-03
151 2.987332e-05 3.428578e-03
152 8.183100e-05 5.323757e-03
153 2.243524e-04 8.054219e-03
154 6.700859e-05 4.083801e-03
155 8.183100e-05 5.323757e-03
156 2.243524e-04 8.054219e-03
157 8.190237e-05 4.523288e-03
158 6.947455e-04 1.261363e-02
159 2.243524e-04 8.054219e-03
160 3.811298e-05 7.520335e-03
161 3.474731e-05 7.003228e-03
162 5.632002e-06 5.512368e-03
163 5.632002e-06 5.512368e-03
164 5.632002e-06 5.512368e-03
165 5.632002e-06 5.512368e-03
166 5.632002e-06 5.512368e-03
167 1.300888e-05 5.571117e-03
168 1.300888e-05 5.571117e-03
169 9.620600e-05 1.245313e-02
170 1.674918e-05 7.280862e-03
171 8.721462e-05 4.349666e-03
172 1.310520e-05 3.980559e-03
173 3.868751e-05 7.410114e-03
174 1.418384e-04 1.459782e-02
175 4.563292e-05 1.119003e-02
176 3.868751e-05 7.410114e-03
177 3.868751e-05 7.410114e-03
178 3.440898e-05 4.121270e-03
179 1.251098e-04 1.545377e-02
180 3.868751e-05 7.410114e-03
181 3.487246e-04 1.984480e-02
182 3.487246e-04 1.984480e-02
183 3.868751e-05 7.410114e-03
184 1.251098e-04 1.545377e-02
185 9.189148e-04 1.188295e-02
186 3.339626e-04 1.415733e-02
187 3.088819e-04 8.167516e-03
188 1.398569e-04 1.518512e-02
189 1.312378e-04 8.014936e-03
190 3.669178e-04 2.124991e-02
191 3.735157e-04 3.125456e-02
192 3.007797e-04 1.114312e-02
193 7.612096e-04 1.772835e-02
194 1.099874e-04 5.978772e-03
195 1.217295e-04 7.417899e-03
196 1.180233e-04 1.096036e-02
197 4.315811e-05 5.911942e-03
198 4.418621e-05 7.052611e-03
199 3.007797e-04 1.114312e-02
200 8.286242e-04 1.243954e-02
201 3.551797e-05 4.675593e-03
202 3.007797e-04 1.114312e-02
203 3.007797e-04 1.114312e-02
204 8.988845e-05 5.453219e-03
205 3.551797e-05 4.675593e-03
206 3.007797e-04 1.114312e-02
207 9.713003e-05 7.579352e-03
208 1.097073e-04 6.450412e-03
209 1.099874e-04 5.978772e-03
210 3.551797e-05 4.675593e-03
211 3.007797e-04 1.114312e-02
212 3.030067e-04 6.452840e-03
213 7.612096e-04 1.772835e-02
214 7.286360e-05 3.899964e-03
215 3.007797e-04 1.114312e-02
216 7.612096e-04 1.772835e-02
217 2.458155e-04 9.705904e-03
218 2.458155e-04 9.705904e-03
219 2.458155e-04 9.705904e-03
220 9.713003e-05 7.579352e-03
221 7.612096e-04 1.772835e-02
222 4.843849e-03 2.902833e-02
223 7.612096e-04 1.772835e-02
224 6.146236e-04 5.216637e-03
225 2.075253e-04 3.850144e-03
226 2.075253e-04 3.850144e-03
227 2.075253e-04 3.850144e-03
228 6.567682e-04 8.752407e-03
229 6.567682e-04 8.752407e-03
230 6.567682e-04 8.752407e-03
231 5.332897e-03 2.688373e-02
232 5.332897e-03 2.688373e-02
233 6.146236e-04 5.216637e-03
234 2.075253e-04 3.850144e-03
235 1.685086e-03 9.579271e-03
236 2.075253e-04 3.850144e-03
237 1.685086e-03 9.579271e-03
238 2.075253e-04 3.850144e-03
239 2.075253e-04 3.850144e-03
240 2.075253e-04 3.850144e-03
241 5.689629e-04 5.832817e-03
242 2.075253e-04 3.850144e-03
243 2.521919e-04 5.650711e-03
244 2.075253e-04 3.850144e-03
245 1.685086e-03 9.579271e-03
246 1.685086e-03 9.579271e-03
247 1.685086e-03 9.579271e-03
248 6.146236e-04 5.216637e-03
249 2.075253e-04 3.850144e-03
250 2.075253e-04 3.850144e-03
251 2.075253e-04 3.850144e-03
252 7.295329e-04 6.789606e-03
253 2.731265e-04 4.410379e-03
254 2.301061e-04 3.712261e-03
255 2.301061e-04 3.712261e-03
256 2.075253e-04 3.850144e-03
257 1.685086e-03 9.579271e-03
258 9.978925e-04 2.634722e-02
259 2.388730e-03 5.873525e-02
260 1.135156e-04 1.161726e-02
261 8.091707e-04 2.344526e-02
262 2.980461e-04 1.283608e-02
263 2.728910e-03 4.906443e-02
264 1.015165e-03 3.049554e-02
265 1.039348e-03 3.790491e-02
266 3.800630e-04 2.226647e-02
267 8.323481e-04 1.485587e-02
268 3.057607e-05 5.593194e-03
269 2.477977e-04 1.325123e-02
270 3.800630e-04 2.226647e-02
271 3.665729e-05 1.074068e-02
272 9.624729e-05 1.113427e-02
273 1.227328e-04 1.933158e-02
274 1.227328e-04 1.933158e-02
275 3.278248e-04 2.265631e-02
276 3.665729e-05 1.074068e-02
277 2.508810e-04 1.297548e-02
278 3.351061e-04 2.381813e-02
279 2.552236e-04 1.453796e-02
280 1.227328e-04 1.933158e-02
281 2.570808e-04 1.278499e-02
282 8.028044e-05 5.921490e-03
283 9.624729e-05 1.113427e-02
284 1.002457e-04 1.389092e-02
285 2.776145e-03 6.040872e-02
286 9.906837e-04 3.102915e-02
287 7.113257e-03 9.095670e-02
288 3.222469e-04 2.064937e-02
289 1.039348e-03 3.790491e-02
290 1.039348e-03 3.790491e-02
291 3.800630e-04 2.226647e-02
292 3.800630e-04 2.226647e-02
293 1.039348e-03 3.790491e-02
294 1.227328e-04 1.933158e-02
295 4.583116e-03 4.896756e-02
296 5.772911e-03 5.258402e-02
297 5.098710e-03 4.900970e-02
298 5.098710e-03 4.900970e-02
299 2.248876e-03 7.516240e-02
300 9.934642e-05 1.265836e-02
301 6.480280e-03 1.189189e-01
302 7.105987e-04 2.483434e-02
303 3.060632e-05 4.603086e-03
304 9.546734e-05 4.989482e-03
305 3.060632e-05 4.603086e-03
306 8.369828e-05 7.381071e-03
307 8.803393e-05 7.917901e-03
308 8.803393e-05 7.917901e-03
309 3.210977e-05 5.274036e-03
310 3.466241e-05 6.973321e-03
311 8.803393e-05 7.917901e-03
312 3.060632e-05 4.603086e-03
313 1.390145e-05 5.129026e-03
314 3.210977e-05 5.274036e-03
315 9.934642e-05 1.265836e-02
316 2.294719e-04 1.369467e-02
317 1.638818e-06 3.136688e-03
318 3.795032e-06 3.011764e-03
319 9.035207e-05 9.247860e-03
320 9.934642e-05 1.265836e-02
321 3.921239e-05 1.090142e-02
322 8.845987e-05 5.539487e-03
323 1.971888e-03 2.250896e-02
324 5.883134e-04 8.702899e-03
325 2.699577e-04 6.064016e-03
326 1.592353e-03 2.071297e-02
327 6.012186e-04 3.818525e-02
328 3.942700e-03 7.475064e-02
329 1.667791e-03 4.548173e-02
330 3.994916e-03 3.712031e-02
331 3.157769e-03 2.428125e-02
332 6.133340e-04 3.831559e-02
333 1.488184e-03 1.849302e-02
334 5.401911e-04 1.670274e-02
335 5.560669e-04 2.451573e-02
336 1.877468e-04 1.614372e-02
337 4.300358e-03 5.999228e-02
338 5.394832e-04 4.057237e-02
339 9.050069e-05 3.605508e-03
340 3.635763e-05 3.893747e-03
341 1.174088e-05 3.435214e-03
342 1.001801e-04 5.943546e-03
343 1.134413e-04 4.685481e-03
344 1.086544e-03 3.339646e-02
345 1.329505e-05 3.057054e-03
346 1.012564e-03 1.617144e-02
347 1.086544e-03 3.339646e-02
348 1.425444e-04 1.044310e-02
349 8.016897e-04 1.402123e-02
350 1.004906e-03 1.842101e-02
351 3.393027e-04 1.178436e-02
352 1.013414e-04 5.197903e-03
353 3.001409e-04 7.180107e-03
354 8.741243e-05 5.312826e-03
355 8.031857e-05 3.933199e-03
356 1.196704e-05 3.066584e-03
357 1.095702e-04 7.505158e-03
358 2.471982e-04 7.179830e-03
359 1.240743e-04 6.213257e-03
360 1.240743e-04 6.213257e-03
361 1.217295e-04 7.417899e-03
362 3.973212e-04 1.555620e-02
363 3.393027e-04 1.178436e-02
364 1.013414e-04 5.197903e-03
365 1.217295e-04 7.417899e-03
366 1.217295e-04 7.417899e-03
367 1.244062e-04 1.518489e-02
368 8.016897e-04 1.402123e-02
369 1.408742e-04 1.117791e-02
370 8.299871e-04 3.230713e-02
371 3.115285e-04 1.655887e-02
372 1.951421e-03 7.189615e-02
373 5.169851e-04 2.600472e-02
374 4.292117e-03 9.109387e-02
375 2.238210e-04 2.366999e-02
376 3.129961e-04 1.400037e-02
377 3.129961e-04 1.400037e-02
378 8.622795e-04 1.658792e-02
379 6.981069e-04 8.078992e-03
380 9.266322e-05 4.458901e-03
381 2.540506e-04 6.516498e-03
382 2.540506e-04 6.516498e-03
383 2.540506e-04 6.516498e-03
384 2.540506e-04 6.516498e-03
385 7.941255e-03 6.048703e-02
386 1.070132e-02 1.126062e-01
387 1.321277e-03 3.390451e-02
388 6.355189e-04 1.111188e-02
389 1.876098e-03 2.737545e-02
390 7.861588e-04 1.621437e-02
391 1.285845e-03 3.231816e-02
392 2.328811e-03 4.448026e-02
393 4.819266e-04 2.126904e-02
394 1.287247e-03 3.042585e-02
395 1.569517e-03 4.827716e-02
396 1.217295e-04 7.417899e-03
397 3.311808e-05 4.642346e-03
398 1.421814e-04 1.196454e-02
399 1.217295e-04 7.417899e-03
400 1.217295e-04 7.417899e-03
401 1.217295e-04 7.417899e-03
402 1.217295e-04 7.417899e-03
403 1.217295e-04 7.417899e-03
404 1.217295e-04 7.417899e-03
405 9.079838e-05 6.186026e-03
406 2.811726e-04 8.357275e-03
407 1.217295e-04 7.417899e-03
408 2.811726e-04 8.357275e-03
409 5.507261e-03 1.749244e-01
410 3.930980e-05 5.882676e-03
411 1.217295e-04 7.417899e-03
412 1.217295e-04 7.417899e-03
413 1.025558e-04 5.434294e-03
414 1.217295e-04 7.417899e-03
415 4.418621e-05 7.052611e-03
416 3.930980e-05 5.882676e-03
417 3.930980e-05 5.882676e-03
418 1.122595e-03 4.382019e-02
419 6.242617e-04 5.368344e-02
420 2.337145e-04 3.301412e-02
421 9.079838e-05 6.186026e-03
422 1.160454e-04 1.302530e-02
423 1.426894e-05 5.764714e-03
424 2.811726e-04 8.357275e-03
425 3.930980e-05 5.882676e-03
426 2.811726e-04 8.357275e-03
427 2.811726e-04 8.357275e-03
428 4.418621e-05 7.052611e-03
429 4.418621e-05 7.052611e-03
430 4.418621e-05 7.052611e-03
431 4.418621e-05 7.052611e-03
432 1.426894e-05 5.764714e-03
433 1.217295e-04 7.417899e-03
434 4.418621e-05 7.052611e-03
435 4.418621e-05 7.052611e-03
436 1.217295e-04 7.417899e-03
437 1.217295e-04 7.417899e-03
438 4.418621e-05 7.052611e-03
439 2.811726e-04 8.357275e-03
440 7.547283e-05 2.620204e-02
441 1.426894e-05 5.764714e-03
442 1.146591e-02 1.581094e-01
443 6.002104e-04 3.128348e-02
444 1.024560e-02 1.338092e-01
445 2.022068e-03 2.641387e-02
446 3.985083e-05 3.809245e-03
447 1.131176e-04 5.569323e-03
448 3.378546e-05 3.341623e-03
449 1.232301e-05 2.906782e-03
450 8.784190e-05 4.480641e-03
451 2.724743e-04 6.857636e-03
452 2.941047e-04 9.382887e-03
453 9.521702e-05 5.976356e-03
454 1.075466e-04 5.335099e-03
455 1.128295e-04 6.042007e-03
456 3.378546e-05 3.341623e-03
457 3.291532e-05 3.260215e-03
458 4.125886e-05 4.113425e-03
459 2.199672e-03 3.564954e-02
460 9.510918e-04 2.417565e-02
461 2.941047e-04 9.382887e-03
462 8.682185e-04 2.335818e-02
463 1.334251e-04 7.134977e-03
464 4.125886e-05 4.113425e-03
465 4.125886e-05 4.113425e-03
466 4.125886e-05 4.113425e-03
467 4.125886e-05 4.113425e-03
468 1.075466e-04 5.335099e-03
469 4.125886e-05 4.113425e-03
470 3.985083e-05 3.809245e-03
471 1.131176e-04 5.569323e-03
472 4.125886e-05 4.113425e-03
473 4.125886e-05 4.113425e-03
474 1.131176e-04 5.569323e-03
475 3.093396e-04 1.002341e-02
476 3.666774e-05 7.604054e-03
477 1.164481e-04 1.419059e-02
478 7.846661e-05 5.671690e-03
479 3.666774e-05 7.604054e-03
480 1.227678e-04 1.765800e-02
481 3.624194e-04 4.670008e-02
482 1.340845e-05 5.257373e-03
483 1.340845e-05 5.257373e-03
484 1.271823e-05 4.878670e-03
485 1.372787e-05 6.314276e-03
486 5.019930e-06 4.785735e-03
487 3.352016e-04 2.288070e-02
488 3.606013e-04 1.846315e-02
489 2.053715e-03 1.484075e-01
490 3.478019e-05 6.568423e-03
491 3.666774e-05 7.604054e-03
492 1.372787e-05 6.314276e-03
493 3.478019e-05 6.568423e-03
494 3.666774e-05 7.604054e-03
495 3.666774e-05 7.604054e-03
496 1.271823e-05 4.878670e-03
497 3.666774e-05 7.604054e-03
498 9.289944e-05 8.282890e-03
499 1.839632e-04 3.045310e-02
500 3.478019e-05 6.568423e-03
