1 1.114213e-03 4.393111e-02
2 3.873619e-05 9.749975e-02
3 8.573114e-04 2.715704e-02
4 1.010102e-04 1.400999e-02
5 1.472066e-05 4.065084e-03
6 8.251876e-03 2.160208e-01
7 5.853376e-03 3.043855e-01
8 4.647074e-04 6.263451e-02
9 1.755098e-06 3.194849e-03
10 2.541199e-03 1.811903e-01
11 1.582081e-05 9.210631e-03
12 5.259534e-04 2.798394e-02
13 5.015220e-03 1.598105e-01
14 2.181474e-06 5.677502e-03
15 3.713517e-04 6.737164e-02
16 2.111733e-03 1.850715e-01
17 2.229516e-06 7.210468e-03
18 1.513904e-04 1.808214e-02
19 6.088761e-04 6.243294e-02
20 8.438462e-07 5.071486e-03
21 3.327776e-02 4.124031e-01
22 2.934474e-03 6.202024e-02
23 1.517375e-05 5.843141e-03
24 9.939940e-04 3.923146e-02
25 4.967370e-04 3.790216e-02
26 6.440709e-03 6.439977e-02
27 8.915560e-05 2.263908e-02
28 2.226804e-06 4.199537e-03
29 4.107538e-03 1.791352e-01
30 4.861728e-03 5.559451e-01
31 5.475714e-05 3.346936e-02
32 1.364638e-04 2.276687e-02
33 5.381209e-06 3.163605e-03
34 8.259200e-08 2.779791e-03
35 7.753340e-04 1.801579e-02
36 9.014988e-03 2.340298e-01
37 3.664339e-05 6.687114e-02
38 2.542433e-05 2.208581e-02
39 1.092106e-06 2.829604e-03
40 2.138962e-04 1.067628e-02
41 2.028068e-03 8.168097e-02
42 3.557218e-05 2.005878e-02
43 4.011097e-03 4.899971e-02
44 3.618814e-04 4.797345e-02
45 2.694967e-03 2.005990e-02
46 3.791172e-05 9.533426e-03
47 8.357799e-03 9.678909e-02
48 4.434017e-06 3.240154e-03
49 2.207591e-03 1.705990e-02
50 3.193878e-03 1.442184e-01
51 9.178658e-04 6.103524e-02
52 5.852938e-05 8.919980e-03
53 2.159437e-04 4.420033e-03
54 1.218483e-04 1.792445e-02
55 7.602600e-07 3.703887e-03
56 1.103773e-02 2.542012e-01
57 4.425776e-04 2.468706e-02
58 5.118476e-05 2.038627e-02
59 7.734229e-04 3.250448e-02
60 3.029266e-04 1.324677e-02
61 1.258330e-02 3.013355e-01
62 2.181495e-04 2.638300e-02
63 5.355656e-06 3.939101e-03
64 2.818205e-05 3.161164e-03
65 1.720732e-03 1.177723e-01
66 5.452565e-07 2.855632e-03
67 8.621291e-05 8.367931e-03
68 1.451545e-06 4.144771e-03
69 3.381632e-05 6.495826e-03
70 2.859237e-06 1.077113e-02
71 6.300333e-04 2.715077e-02
72 7.260577e-05 4.919742e-03
73 2.352667e-06 3.092193e-03
74 1.173180e-03 5.780096e-02
75 5.152418e-06 3.976157e-03
76 1.852921e-05 3.006229e-03
77 1.505002e-05 4.356793e-03
78 7.114431e-03 6.680481e-02
79 3.393157e-03 2.123840e-01
80 7.846801e-06 9.079268e-03
81 5.646394e-07 2.807885e-03
82 1.120011e-04 8.664317e-03
83 4.439051e-05 4.476471e-03
84 1.431132e-04 2.265299e-02
85 5.615206e-03 2.938216e-01
86 1.033841e-03 3.505526e-02
87 4.703115e-06 4.083973e-03
88 2.077357e-05 1.050403e-02
89 8.381190e-04 1.846146e-01
90 5.813010e-05 1.747497e-02
91 1.053914e-03 1.745211e-02
92 1.441645e-02 4.466308e-01
93 4.629932e-03 7.071540e-02
94 1.555789e-05 4.448440e-03
95 2.617565e-03 3.821119e-02
96 1.628013e-05 3.972484e-03
97 7.079777e-05 7.127099e-03
98 3.124279e-05 6.323704e-03
99 1.999866e-03 2.386240e-02
100 1.424182e-02 3.013530e-01
101 8.327504e-05 5.445976e-03
102 1.521262e-05 5.501762e-03
103 1.273899e-03 8.923549e-02
104 6.003441e-05 1.152475e-02
105 1.513584e-03 3.657785e-02
106 3.132117e-05 6.308663e-03
107 5.205846e-06 4.301447e-03
108 4.446296e-06 4.325442e-03
109 1.268855e-05 3.356773e-03
110 6.363682e-05 1.197975e-02
111 1.541940e-04 2.403550e-02
112 3.431463e-04 1.618231e-02
113 4.630988e-03 8.975998e-02
114 4.296833e-03 2.466243e-01
115 3.402871e-03 1.725227e-01
116 4.087439e-03 1.295735e-01
117 6.091547e-04 6.408697e-02
118 1.390616e-02 4.344329e-01
119 3.434426e-05 7.341031e-03
120 1.977975e-04 1.170080e-02
121 4.244454e-04 3.125440e-02
122 6.405452e-04 2.583380e-02
123 1.103831e-05 4.675870e-03
124 2.209529e-04 2.077797e-02
125 2.984959e-05 5.495806e-03
126 1.370668e-05 1.068521e-02
127 4.166110e-05 1.342823e-02
128 2.209529e-04 2.077797e-02
129 3.312009e-05 6.122994e-03
130 7.421016e-05 6.000391e-03
131 9.018920e-05 9.609727e-03
132 1.243523e-03 6.712473e-02
133 3.106893e-04 2.017178e-02
134 4.932255e-04 6.792766e-02
135 1.449829e-05 7.624274e-03
136 3.673209e-05 9.491348e-03
137 1.340940e-03 8.202915e-02
138 8.100092e-05 1.077243e-02
139 8.100092e-05 1.077243e-02
140 2.954453e-05 6.315205e-03
141 2.954453e-05 6.315205e-03
142 2.954453e-05 6.315205e-03
143 1.133128e-05 5.011029e-03
144 8.100092e-05 1.077243e-02
145 3.590451e-05 8.267148e-03
146 1.357314e-06 2.899587e-03
147 3.848408e-05 9.006959e-03
148 1.242757e-05 5.976132e-03
149 1.159575e-05 4.582404e-03
150 1.127672e-05 6.360985e-03
151 4.536823e-06 3.666735e-03
152 5.018267e-06 5.659815e-03
153 9.096577e-05 1.112010e-02
154 1.017651e-05 4.618008e-03
155 1.242757e-05 5.976132e-03
156 9.096577e-05 1.112010e-02
157 1.243841e-05 5.176232e-03
158 7.800584e-04 2.260602e-02
159 2.834365e-04 9.834475e-03
160 5.022023e-05 8.595956e-03
161 1.079263e-04 8.983365e-03
162 1.749319e-05 5.833318e-03
163 6.277880e-06 5.805623e-03
164 6.277880e-06 5.805623e-03
165 6.277880e-06 5.805623e-03
166 6.277880e-06 5.805623e-03
167 4.040604e-05 6.312451e-03
168 4.040604e-05 6.312451e-03
169 3.182816e-04 1.589397e-02
170 1.866997e-05 8.152981e-03
171 3.360009e-05 6.011114e-03
172 4.070521e-05 4.727382e-03
173 3.327600e-04 9.827385e-03
174 1.219984e-03 2.346016e-02
175 6.447582e-05 1.285836e-02
176 5.466248e-05 8.824522e-03
177 5.466248e-05 8.824522e-03
178 1.744448e-05 4.588022e-03
179 1.767705e-04 2.002776e-02
180 1.545466e-04 9.005401e-03
181 1.083151e-03 3.971749e-02
182 4.999371e-04 3.285750e-02
183 4.838575e-05 8.890427e-03
184 1.098671e-03 2.488792e-02
185 1.298356e-03 4.547832e-02
186 9.927941e-04 2.172122e-02
187 4.991118e-05 1.039702e-02
188 1.601376e-04 2.069535e-02
189 6.654596e-05 1.263100e-02
190 1.646581e-04 2.645137e-02
191 4.558355e-04 4.003175e-02
192 5.832683e-05 1.326091e-02
193 3.333861e-04 3.414515e-02
194 4.817107e-05 8.350841e-03
195 1.267448e-04 1.169324e-02
196 1.440347e-04 1.373377e-02
197 1.252139e-04 7.625965e-03
198 1.281967e-04 8.807464e-03
199 1.386626e-04 1.424983e-02
200 1.407625e-04 1.713435e-02
201 1.637416e-05 5.042453e-03
202 1.386626e-04 1.424983e-02
203 5.109493e-05 1.284727e-02
204 9.357540e-05 6.774304e-03
205 1.637416e-05 5.042453e-03
206 2.087168e-05 1.236978e-02
207 1.602335e-05 8.089750e-03
208 3.250495e-06 7.154865e-03
209 5.070536e-05 7.114817e-03
210 1.637416e-05 5.042453e-03
211 2.175344e-05 1.271840e-02
212 8.791083e-04 1.848673e-02
213 1.472128e-04 2.543257e-02
214 2.946316e-05 5.118792e-03
215 1.386870e-04 1.881515e-02
216 5.297464e-05 2.285434e-02
217 4.767662e-05 1.401320e-02
218 7.131805e-04 1.946845e-02
219 2.559431e-04 1.833936e-02
220 7.045112e-06 8.546772e-03
221 1.476388e-04 3.106663e-02
222 3.370966e-04 6.164682e-02
223 1.255753e-04 2.172835e-02
224 3.886491e-05 7.710707e-03
225 1.320681e-05 5.915356e-03
226 1.315319e-05 5.409862e-03
227 1.315319e-05 5.409862e-03
228 1.160124e-04 2.169160e-02
229 9.947224e-05 1.600950e-02
230 2.761007e-04 2.369339e-02
231 1.920189e-03 1.078481e-01
232 1.920189e-03 1.078481e-01
233 2.577823e-04 1.217274e-02
234 8.703921e-05 6.198846e-03
235 7.067504e-04 2.865052e-02
236 2.415909e-04 8.725536e-03
237 7.067504e-04 2.865052e-02
238 8.703921e-05 6.198846e-03
239 3.657227e-05 5.938722e-03
240 3.657227e-05 5.938722e-03
241 2.386316e-04 1.227215e-02
242 8.703921e-05 6.198846e-03
243 1.057730e-04 8.504935e-03
244 1.312259e-05 4.692257e-03
245 7.067504e-04 2.865052e-02
246 7.067504e-04 2.865052e-02
247 7.067504e-04 2.865052e-02
248 2.577823e-04 1.217274e-02
249 2.415909e-04 8.725536e-03
250 8.703921e-05 6.198846e-03
251 8.703921e-05 6.198846e-03
252 3.059770e-04 1.504622e-02
253 1.145533e-04 7.501534e-03
254 9.650993e-05 6.316525e-03
255 2.294367e-04 7.352330e-03
256 8.668584e-05 5.692201e-03
257 7.067504e-04 2.865052e-02
258 2.985543e-03 8.281172e-02
259 9.454234e-04 8.783432e-02
260 7.138963e-06 1.209650e-02
261 1.149124e-04 2.734361e-02
262 1.874404e-05 1.409438e-02
263 4.783010e-04 7.777559e-02
264 4.972328e-04 5.174536e-02
265 1.821685e-04 4.884001e-02
266 4.203642e-04 3.198593e-02
267 9.122594e-04 2.557820e-02
268 4.000762e-05 6.027593e-03
269 2.978488e-04 1.883551e-02
270 2.390207e-05 2.387103e-02
271 5.205797e-06 1.091728e-02
272 1.498997e-05 1.192901e-02
273 2.157006e-05 2.030823e-02
274 6.011512e-05 2.190067e-02
275 2.061681e-05 2.404033e-02
276 6.424992e-06 1.112635e-02
277 2.774840e-04 1.939133e-02
278 5.219087e-05 2.658518e-02
279 8.270167e-04 2.242336e-02
280 2.157006e-05 2.030823e-02
281 1.247774e-04 1.556949e-02
282 1.050439e-04 7.062047e-03
283 1.686944e-05 1.214690e-02
284 6.304427e-06 1.431414e-02
285 3.070522e-03 1.314039e-01
286 6.272781e-05 3.495578e-02
287 4.473509e-04 1.209876e-01
288 3.198808e-04 2.308823e-02
289 4.434898e-04 4.754069e-02
290 4.876752e-04 5.211796e-02
291 4.203642e-04 3.198593e-02
292 1.122289e-03 4.098724e-02
293 1.359136e-03 7.622227e-02
294 1.357472e-04 2.247026e-02
295 5.240892e-03 1.507394e-01
296 2.024350e-02 1.621604e-01
297 6.739850e-03 1.720557e-01
298 2.831960e-03 1.483323e-01
299 1.241121e-03 9.267880e-02
300 8.356234e-04 2.312029e-02
301 2.994638e-03 2.275159e-01
302 2.207144e-03 6.532907e-02
303 1.057489e-04 7.206620e-03
304 1.183551e-04 7.946028e-03
305 1.057489e-04 7.206620e-03
306 2.891887e-04 1.450088e-02
307 3.041689e-04 1.540653e-02
308 3.041689e-04 1.540653e-02
309 1.109435e-04 8.005460e-03
310 1.197632e-04 9.921887e-03
311 3.041689e-04 1.540653e-02
312 1.057489e-04 7.206620e-03
313 3.881153e-05 5.781096e-03
314 1.109435e-04 8.005460e-03
315 3.085734e-04 1.831979e-02
316 7.503772e-04 2.913242e-02
317 4.400935e-06 3.198364e-03
318 4.692122e-06 3.145318e-03
319 3.121784e-04 1.693368e-02
320 8.238297e-04 2.380540e-02
321 1.354840e-04 1.423703e-02
322 2.452851e-04 1.099373e-02
323 5.729953e-03 9.322967e-02
324 2.449742e-04 1.254664e-02
325 1.067310e-04 9.856691e-03
326 2.221474e-04 2.672871e-02
327 1.554679e-03 5.362159e-02
328 1.649666e-03 9.787479e-02
329 1.716897e-03 6.787140e-02
330 9.033460e-03 1.459923e-01
331 8.836713e-03 1.675240e-01
332 1.586008e-03 5.406300e-02
333 5.801889e-04 2.921663e-02
334 1.396869e-03 3.057220e-02
335 1.997994e-04 2.890555e-02
336 1.250391e-03 2.796659e-02
337 1.055108e-02 1.713114e-01
338 9.190308e-03 1.067965e-01
339 3.058478e-04 5.927570e-03
340 7.288750e-06 4.443409e-03
341 5.762069e-06 3.702456e-03
342 1.222590e-04 8.297662e-03
343 1.384428e-04 7.351219e-03
344 6.031965e-04 5.020842e-02
345 2.641137e-06 3.177792e-03
346 2.011514e-04 2.536696e-02
347 2.158479e-04 4.326382e-02
348 7.913378e-05 1.264867e-02
349 1.199811e-03 2.952130e-02
350 1.996302e-04 2.754698e-02
351 6.740437e-05 1.486571e-02
352 2.013204e-05 6.118227e-03
353 1.607388e-04 1.032053e-02
354 1.690497e-05 6.197529e-03
355 4.301416e-05 4.773587e-03
356 2.377319e-06 3.175262e-03
357 3.450071e-04 1.208796e-02
358 2.689234e-04 1.192650e-02
359 1.639293e-04 8.402137e-03
360 6.089193e-05 9.037406e-03
361 1.421794e-04 1.068913e-02
362 7.893007e-05 1.916444e-02
363 6.740437e-05 1.486571e-02
364 2.013204e-05 6.118227e-03
365 9.112183e-04 1.709811e-02
366 9.112183e-04 1.709811e-02
367 3.912961e-04 2.180006e-02
368 1.199811e-03 2.952130e-02
369 4.430932e-04 1.866875e-02
370 3.439730e-04 3.968861e-02
371 2.064665e-05 1.908922e-02
372 6.089563e-03 1.567233e-01
373 3.800247e-03 4.514234e-02
374 1.360188e-02 2.503705e-01
375 2.631076e-04 2.889408e-02
376 2.219507e-03 2.339587e-02
377 4.130870e-04 2.045891e-02
378 4.595347e-04 2.526551e-02
379 1.241537e-04 2.057837e-02
380 4.591991e-05 6.190705e-03
381 3.847779e-05 9.323684e-03
382 2.230985e-03 2.567370e-02
383 1.621159e-05 8.262117e-03
384 1.258966e-04 1.126451e-02
385 4.851482e-04 1.145486e-01
386 2.749994e-04 1.741363e-01
387 6.248036e-04 6.843715e-02
388 5.604045e-03 7.028932e-02
389 1.654355e-02 2.020715e-01
390 4.877842e-03 6.873653e-02
391 1.211884e-03 8.440203e-02
392 3.183403e-03 1.438032e-01
393 6.648605e-04 6.631220e-02
394 1.434869e-03 9.745199e-02
395 7.747637e-04 1.138458e-01
396 1.263791e-04 9.579353e-03
397 4.216495e-05 5.113066e-03
398 1.133052e-03 1.878663e-02
399 1.606565e-04 9.929732e-03
400 1.606565e-04 9.929732e-03
401 1.549824e-04 9.148086e-03
402 5.748936e-05 8.748216e-03
403 1.606565e-04 9.929732e-03
404 4.331049e-04 1.104718e-02
405 3.230542e-04 8.893120e-03
406 3.710869e-04 1.415915e-02
407 1.549824e-04 9.148086e-03
408 1.327898e-04 1.143006e-02
409 7.083549e-03 3.010706e-01
410 1.398615e-04 7.054672e-03
411 1.549824e-04 9.148086e-03
412 4.331049e-04 1.104718e-02
413 1.194637e-04 6.730700e-03
414 1.549824e-04 9.148086e-03
415 1.572114e-04 8.369994e-03
416 5.004806e-05 6.441400e-03
417 5.004806e-05 6.441400e-03
418 8.216399e-03 1.190349e-01
419 2.037152e-03 7.902510e-02
420 1.114836e-04 3.571614e-02
421 8.260595e-04 1.140975e-02
422 1.018462e-03 1.783288e-02
423 4.480870e-05 6.033399e-03
424 2.467687e-03 2.000583e-02
425 3.449708e-04 7.561824e-03
426 6.896060e-03 3.812449e-02
427 2.467485e-03 2.036778e-02
428 1.387578e-04 7.884638e-03
429 1.387578e-04 7.884638e-03
430 1.387578e-04 7.884638e-03
431 1.631088e-04 8.146710e-03
432 4.480870e-05 6.033399e-03
433 1.068261e-03 1.261767e-02
434 1.387578e-04 7.884638e-03
435 3.877647e-04 8.940059e-03
436 1.068261e-03 1.261767e-02
437 1.068261e-03 1.261767e-02
438 1.387578e-04 7.884638e-03
439 2.467485e-03 2.036778e-02
440 2.370070e-04 2.762320e-02
441 4.480870e-05 6.033399e-03
442 4.604241e-03 3.520137e-01
443 4.966133e-03 7.678831e-02
444 4.681546e-03 3.338672e-01
445 9.239482e-04 6.589725e-02
446 1.664618e-05 4.162973e-03
447 5.548239e-05 7.350918e-03
448 6.146956e-06 3.783109e-03
449 6.044243e-06 3.100868e-03
450 1.541757e-05 5.150693e-03
451 3.288147e-04 1.742415e-02
452 5.350966e-05 1.322605e-02
453 3.097668e-04 1.096309e-02
454 1.956712e-05 6.740447e-03
455 1.317075e-04 8.212684e-03
456 5.929853e-06 3.599336e-03
457 5.777130e-06 3.511291e-03
458 7.506672e-06 4.652569e-03
459 1.138571e-03 6.716353e-02
460 1.684586e-04 3.885725e-02
461 5.350966e-05 1.322605e-02
462 1.579644e-04 3.470349e-02
463 6.544291e-05 9.236414e-03
464 7.506672e-06 4.652569e-03
465 2.023682e-05 4.763249e-03
466 7.506672e-06 4.652569e-03
467 5.639941e-05 5.873099e-03
468 5.274989e-05 7.028951e-03
469 7.506672e-06 4.652569e-03
470 1.949323e-05 4.606813e-03
471 5.548239e-05 7.350918e-03
472 2.023682e-05 4.763249e-03
473 7.506672e-06 4.652569e-03
474 2.058071e-05 7.047470e-03
475 5.012978e-05 1.431995e-02
476 6.746868e-04 1.061264e-02
477 1.410745e-04 1.628828e-02
478 1.443786e-03 1.210987e-02
479 7.022919e-04 1.149121e-02
480 2.551313e-03 3.098353e-02
481 1.033646e-03 6.459750e-02
482 3.768989e-05 5.864711e-03
483 3.768989e-05 5.864711e-03
484 4.001458e-05 5.492808e-03
485 1.020872e-04 6.896139e-03
486 1.780361e-05 5.090626e-03
487 2.227255e-03 4.644353e-02
488 1.262189e-03 3.927176e-02
489 9.482975e-04 2.017879e-01
490 1.036767e-04 7.703861e-03
491 9.039493e-04 1.039993e-02
492 3.799491e-05 6.518753e-03
493 7.252037e-04 8.720420e-03
494 1.671401e-03 1.423485e-02
495 2.430730e-04 8.792613e-03
496 6.782081e-06 5.211284e-03
497 2.685942e-04 9.039042e-03
498 3.251698e-04 1.364368e-02
499 5.787921e-04 3.933632e-02
500 1.691426e-05 6.985798e-03
