2 1.517872e-03 3.748138e-02
3 1.136679e-02 9.987530e-02
4 1.052971e-02 7.874945e-02
5 1.138029e-02 7.838381e-02
6 2.361027e-02 1.452094e-01
7 3.311474e-03 3.063310e-02
8 9.121960e-03 4.701210e-02
9 2.251084e-04 5.900453e-03
10 3.359974e-05 3.158870e-03
11 8.606308e-04 1.489721e-02
12 1.110648e-03 1.879764e-02
13 4.854060e-03 1.948354e-02
14 1.990753e-03 1.569936e-02
15 1.210921e-03 2.430375e-02
16 9.775710e-03 6.158179e-02
17 2.349897e-04 5.760456e-03
18 1.003414e-02 7.672483e-02
19 8.758208e-05 3.293941e-03
20 3.601797e-03 4.745299e-02
21 6.155978e-04 7.955110e-03
22 2.048621e-03 1.059200e-02
23 6.012744e-04 6.276619e-03
24 3.601797e-03 4.745299e-02
25 1.124958e-04 4.957447e-03
26 1.644153e-03 1.003701e-01
27 2.025192e-03 1.512385e-02
28 8.758208e-05 3.293941e-03
29 1.365556e-02 1.130235e-01
30 2.045924e-04 3.905625e-03
31 1.407652e-03 4.277573e-02
32 1.046358e-03 1.248205e-02
33 1.252345e-03 2.880172e-02
34 2.431964e-03 1.451851e-02
35 8.327119e-03 4.657727e-02
36 2.370813e-03 1.769679e-02
37 8.697151e-03 4.322879e-02
38 1.644289e-03 8.983801e-03
39 3.037259e-03 2.893498e-02
40 9.989130e-03 4.556180e-02
41 2.371702e-04 5.417074e-03
42 1.555381e-03 3.611355e-02
43 1.538088e-03 4.272975e-02
44 1.075959e-04 5.775184e-03
45 9.188430e-05 3.893448e-03
46 9.188430e-05 3.893448e-03
47 2.949909e-04 6.650958e-03
48 1.039000e-05 2.705667e-03
49 1.680048e-03 5.717851e-02
50 1.075959e-04 5.775184e-03
51 3.359974e-05 3.158870e-03
52 1.075959e-04 5.775184e-03
53 1.777194e-04 1.241893e-02
54 3.359974e-05 3.158870e-03
55 9.211891e-05 3.432354e-03
56 9.121962e-05 4.594713e-03
57 3.359974e-05 3.158870e-03
58 9.188430e-05 3.893448e-03
59 2.395083e-04 4.262823e-03
60 2.395083e-04 4.262823e-03
61 6.566494e-04 5.654036e-03
62 2.519151e-04 4.641338e-03
63 2.395083e-04 4.262823e-03
64 3.359974e-05 3.158870e-03
65 9.211891e-05 3.432354e-03
66 2.519151e-04 4.641338e-03
67 2.848580e-05 2.790236e-03
68 3.359974e-05 3.158870e-03
69 2.949909e-04 6.650958e-03
70 2.686011e-04 9.484200e-03
71 9.188430e-05 3.893448e-03
72 3.288187e-05 5.130409e-03
73 8.067038e-04 1.052247e-02
74 1.075959e-04 5.775184e-03
75 9.188430e-05 3.893448e-03
76 2.320114e-03 2.001688e-02
77 3.067203e-05 3.646541e-03
78 5.691079e-04 2.625742e-02
79 2.771764e-04 6.992157e-03
80 2.873934e-04 5.954982e-03
81 1.039000e-05 2.705667e-03
82 8.943192e-04 1.922390e-02
83 9.918886e-05 4.984430e-03
84 2.326038e-03 1.566169e-02
85 2.719417e-04 5.791774e-03
86 2.719417e-04 5.791774e-03
87 3.010664e-04 9.861525e-03
88 1.075959e-04 5.775184e-03
89 5.742262e-04 6.281406e-03
90 1.075959e-04 5.775184e-03
91 3.359974e-05 3.158870e-03
92 9.098729e-05 5.051305e-03
93 1.075959e-04 5.775184e-03
94 9.188430e-05 3.893448e-03
95 3.478690e-05 3.440071e-03
96 6.566494e-04 5.654036e-03
97 9.211891e-05 3.432354e-03
98 4.824887e-04 2.001354e-02
99 1.596499e-03 3.988019e-02
100 7.579870e-04 1.005844e-02
101 2.211481e-03 1.428155e-02
102 2.454270e-04 4.046991e-03
103 3.054137e-04 7.582384e-03
104 9.851479e-04 1.941060e-02
105 9.104919e-04 1.299704e-02
106 8.887025e-05 4.379497e-03
107 8.067038e-04 1.052247e-02
108 8.635993e-05 5.553286e-03
109 1.502301e-03 3.137322e-02
110 3.359974e-05 3.158870e-03
111 2.891429e-04 8.870462e-03
112 4.567843e-04 2.508373e-02
113 1.502301e-03 3.137322e-02
114 5.624395e-04 3.043336e-02
115 2.093876e-03 1.884551e-02
116 4.567843e-04 2.508373e-02
117 3.359974e-05 3.158870e-03
118 9.918886e-05 4.984430e-03
119 1.355953e-02 1.250139e-01
120 2.557045e-03 3.256136e-02
121 3.359974e-05 3.158870e-03
122 1.063352e-04 6.564690e-03
123 2.891429e-04 8.870462e-03
124 3.525467e-04 1.769452e-02
125 2.719417e-04 5.791774e-03
126 9.537371e-05 3.723217e-03
127 1.075959e-04 5.775184e-03
128 2.563574e-03 2.444616e-02
129 7.579870e-04 1.005844e-02
130 3.359974e-05 3.158870e-03
131 9.081730e-04 1.755443e-02
132 3.359974e-05 3.158870e-03
133 9.736047e-04 2.004033e-02
134 2.949909e-04 6.650958e-03
135 8.974639e-05 3.215017e-03
136 2.873934e-04 5.954982e-03
137 3.327172e-05 4.323899e-03
138 5.495590e-05 1.002180e-02
139 2.841325e-05 2.932819e-03
140 1.052971e-04 1.025173e-02
141 2.430311e-04 5.203349e-03
142 2.804627e-04 6.207720e-03
143 3.359974e-05 3.158870e-03
144 8.758208e-05 3.293941e-03
145 1.893373e-03 8.069502e-03
146 6.144012e-04 4.330104e-03
147 6.790441e-04 7.307282e-03
148 3.359974e-05 3.158870e-03
149 3.076391e-04 7.416897e-03
150 2.708288e-05 2.747435e-03
151 5.495590e-05 1.002180e-02
152 1.432497e-04 1.024272e-02
153 2.413221e-04 5.075125e-03
154 6.260693e-04 6.602454e-03
155 3.359974e-05 3.158870e-03
156 2.264162e-03 2.205722e-02
157 1.039000e-05 2.705667e-03
158 2.792754e-04 7.932212e-03
159 2.135517e-04 3.903443e-03
160 2.605065e-04 6.260047e-03
161 2.300228e-04 3.945725e-03
162 7.536885e-04 1.003282e-02
163 6.790441e-04 7.307282e-03
164 2.454270e-04 4.046991e-03
165 2.585486e-04 5.383169e-03
166 8.758208e-05 3.293941e-03
167 8.758208e-05 3.293941e-03
168 6.905949e-04 5.815215e-03
169 2.585486e-04 5.383169e-03
170 2.712491e-04 7.152956e-03
171 8.244412e-04 1.637918e-02
172 2.251084e-04 5.900453e-03
173 2.841325e-05 2.932819e-03
174 7.406282e-05 3.047041e-03
175 3.359974e-05 3.158870e-03
176 1.944434e-03 1.027136e-02
177 2.371702e-04 5.417074e-03
178 1.945163e-04 3.598215e-03
179 7.406282e-05 3.047041e-03
180 8.974639e-05 3.215017e-03
181 3.037259e-03 2.893498e-02
182 7.112963e-05 2.948985e-03
183 2.419382e-04 4.309249e-03
184 5.891854e-03 3.217623e-02
185 2.357071e-04 3.738441e-03
186 6.958245e-04 6.695365e-03
187 1.971319e-03 1.929722e-02
188 2.339356e-04 3.440295e-03
189 7.406282e-05 3.047041e-03
190 7.070460e-04 8.243377e-03
191 2.419382e-04 4.309249e-03
192 2.395083e-04 4.262823e-03
193 1.239767e-03 2.856140e-02
194 2.395083e-04 4.262823e-03
195 2.300228e-04 3.945725e-03
196 9.918886e-05 4.984430e-03
197 3.591673e-03 3.436116e-02
198 8.758208e-05 3.293941e-03
199 7.070460e-04 8.243377e-03
200 6.445819e-04 5.478385e-03
201 8.824530e-05 3.590979e-03
202 2.078139e-03 1.446129e-02
203 3.680430e-03 3.112454e-02
204 7.406282e-05 3.047041e-03
205 3.659883e-03 5.546596e-02
206 2.792754e-04 7.932212e-03
207 4.360724e-03 8.234520e-02
208 3.739784e-03 3.931245e-02
209 4.327950e-03 6.766679e-02
210 2.326038e-03 1.566169e-02
211 2.873934e-04 5.954982e-03
212 6.905949e-04 5.815215e-03
213 2.771764e-04 6.992157e-03
214 8.279462e-04 1.289802e-02
215 8.192634e-05 3.697795e-03
216 9.918886e-05 4.984430e-03
217 2.048621e-03 1.059200e-02
218 3.320956e-04 1.029396e-02
219 8.758208e-05 3.293941e-03
220 1.866953e-03 1.259949e-02
221 7.019313e-04 9.218839e-03
222 6.919398e-04 1.129737e-02
223 2.395083e-04 4.262823e-03
224 2.848580e-05 2.790236e-03
225 6.958245e-04 6.695365e-03
226 8.758208e-05 3.293941e-03
227 6.958245e-04 6.695365e-03
228 2.560246e-04 7.731690e-03
229 2.174492e-03 1.905958e-02
230 6.374958e-03 4.409651e-02
231 2.954554e-04 6.404197e-03
232 6.426200e-04 7.572265e-03
233 4.260858e-04 1.708478e-02
234 2.605065e-04 6.260047e-03
235 7.192773e-04 8.586297e-03
236 1.680048e-03 5.717851e-02
237 3.359974e-05 3.158870e-03
238 2.585486e-04 5.383169e-03
239 2.300228e-04 3.945725e-03
240 2.891429e-04 8.870462e-03
241 3.850445e-03 4.360484e-02
242 2.712491e-04 7.152956e-03
243 8.824530e-05 3.590979e-03
244 3.359974e-05 3.158870e-03
245 2.357071e-04 3.738441e-03
246 2.873934e-04 5.954982e-03
247 9.098729e-05 5.051305e-03
248 1.156448e-03 2.032872e-02
249 2.164232e-03 2.239055e-02
250 1.354193e-03 3.660598e-02
251 8.824530e-05 3.590979e-03
252 1.028471e-02 5.003911e-02
253 6.790441e-04 7.307282e-03
254 9.918886e-05 4.984430e-03
255 9.918886e-05 4.984430e-03
256 2.728797e-05 2.839287e-03
257 4.333337e-04 1.526947e-02
258 7.891744e-04 6.897916e-03
259 8.758208e-05 3.293941e-03
260 2.873934e-04 5.954982e-03
261 2.605065e-04 6.260047e-03
262 3.359974e-05 3.158870e-03
263 2.419382e-04 4.309249e-03
264 6.502390e-04 6.794705e-03
265 6.084032e-04 5.483698e-03
266 8.974639e-05 3.215017e-03
267 2.605065e-04 6.260047e-03
268 9.211891e-05 3.432354e-03
269 2.932348e-04 5.409680e-03
270 3.327172e-05 4.323899e-03
271 1.028857e-03 1.474276e-02
272 2.251084e-04 5.900453e-03
273 1.075959e-04 5.775184e-03
274 2.151688e-04 4.175611e-03
275 2.099798e-04 4.364833e-03
276 1.039000e-05 2.705667e-03
277 8.244412e-04 1.637918e-02
278 2.808330e-04 8.059699e-03
279 3.067203e-05 3.646541e-03
280 1.976352e-03 1.690483e-02
281 2.891429e-04 8.870462e-03
282 7.233957e-05 2.792692e-03
283 2.289618e-03 1.703384e-02
284 9.822054e-05 7.336843e-03
285 2.692869e-04 8.136306e-03
286 1.075959e-04 5.775184e-03
287 3.067203e-05 3.646541e-03
288 2.357071e-04 3.738441e-03
289 2.873934e-04 5.954982e-03
290 2.719417e-04 5.791774e-03
291 6.290373e-04 6.045239e-03
292 1.680186e-03 7.096388e-03
293 7.406282e-05 3.047041e-03
294 2.361662e-04 7.005723e-03
295 2.343912e-04 6.210776e-03
296 2.019499e-03 1.257354e-02
297 9.918886e-05 4.984430e-03
298 7.406282e-05 3.047041e-03
299 2.186388e-04 4.654300e-03
300 2.343912e-04 6.210776e-03
301 3.896096e-03 3.958507e-02
302 8.758208e-05 3.293941e-03
303 1.438383e-03 2.634517e-02
304 1.039000e-05 2.705667e-03
305 2.454270e-04 4.046991e-03
306 8.055606e-05 4.040998e-03
307 1.938477e-03 1.235034e-02
308 2.395764e-04 5.463047e-03
309 2.676838e-04 6.227380e-03
310 7.669738e-04 9.310353e-03
311 2.413221e-04 5.075125e-03
312 2.102778e-03 1.376541e-02
313 7.070460e-04 8.243377e-03
314 3.359974e-05 3.158870e-03
315 1.986380e-03 1.060349e-02
316 4.000151e-03 8.169905e-02
317 1.813757e-03 8.441995e-03
318 7.051811e-03 5.068519e-02
319 2.215788e-03 3.000009e-02
320 2.339356e-04 3.440295e-03
321 2.825865e-04 7.158920e-03
322 5.742262e-04 6.281406e-03
323 1.573740e-02 4.202178e-02
324 2.339356e-04 3.440295e-03
325 1.950130e-04 3.362150e-03
326 9.121962e-05 4.594713e-03
327 8.824530e-05 3.590979e-03
328 7.579870e-04 1.005844e-02
329 2.281308e-03 2.973622e-02
330 2.775215e-05 2.723029e-03
331 3.739784e-03 3.931245e-02
332 2.585486e-04 5.383169e-03
333 8.571087e-05 5.262594e-03
334 2.605065e-04 6.260047e-03
335 1.983302e-04 3.028827e-03
336 2.605065e-04 6.260047e-03
337 3.359974e-05 3.158870e-03
338 2.401199e-04 3.802672e-03
339 8.758208e-05 3.293941e-03
340 3.514937e-03 5.062046e-02
341 2.373943e-03 2.355982e-02
342 2.436516e-04 4.747145e-03
343 3.359974e-05 3.158870e-03
344 8.686167e-04 1.856538e-02
345 5.569488e-04 4.993524e-02
346 1.856964e-03 1.350520e-02
347 3.359974e-05 3.158870e-03
348 2.331159e-03 2.281906e-02
349 2.519151e-04 4.641338e-03
350 8.824530e-05 3.590979e-03
351 6.374958e-03 4.409651e-02
352 6.397374e-04 4.663052e-03
353 3.359974e-05 3.158870e-03
354 8.708346e-04 1.420649e-02
355 3.176309e-04 1.162114e-02
356 3.327172e-05 4.323899e-03
357 7.386747e-04 1.206802e-02
358 3.327172e-05 4.323899e-03
359 8.782894e-05 5.185356e-03
360 3.478690e-05 3.440071e-03
361 6.890316e-04 9.031075e-03
362 3.574727e-03 4.289707e-02
363 8.697151e-03 4.322879e-02
364 8.342159e-04 1.570603e-02
365 6.134818e-03 3.565350e-02
366 2.712491e-04 7.152956e-03
367 6.566494e-04 5.654036e-03
368 7.070460e-04 8.243377e-03
369 9.918886e-05 4.984430e-03
370 7.088514e-04 6.884979e-03
371 2.719417e-04 5.791774e-03
372 1.944640e-02 6.569444e-02
373 2.841325e-05 2.932819e-03
374 2.300228e-04 3.945725e-03
375 9.211891e-05 3.432354e-03
376 1.432497e-04 1.024272e-02
377 2.804627e-04 6.207720e-03
378 1.945163e-04 3.598215e-03
379 2.395083e-04 4.262823e-03
380 6.413709e-04 4.203923e-03
381 2.825865e-04 7.158920e-03
382 3.359974e-05 3.158870e-03
383 2.719417e-04 5.791774e-03
384 3.359974e-05 3.158870e-03
385 6.645362e-04 1.038128e-02
386 8.758208e-05 3.293941e-03
387 2.560246e-04 7.731690e-03
388 1.888551e-03 9.424882e-03
389 2.395083e-04 4.262823e-03
390 2.191971e-04 4.234245e-03
391 6.905949e-04 5.815215e-03
392 3.896096e-03 3.958507e-02
393 7.406282e-05 3.047041e-03
394 2.014356e-03 1.501816e-02
395 2.792754e-04 7.932212e-03
396 4.632486e-04 1.313336e-02
397 2.395083e-04 4.262823e-03
398 9.918886e-05 4.984430e-03
399 9.188430e-05 3.893448e-03
400 6.645362e-04 1.038128e-02
401 3.359974e-05 3.158870e-03
402 1.129540e-03 1.635721e-02
403 4.667566e-04 1.470449e-02
404 3.917411e-04 1.182743e-02
405 9.211891e-05 3.432354e-03
406 2.419382e-04 4.309249e-03
407 8.244412e-04 1.637918e-02
408 2.174492e-03 1.905958e-02
409 1.852921e-03 1.112721e-02
410 2.186388e-04 4.654300e-03
411 6.426200e-04 7.572265e-03
412 2.661316e-04 8.898146e-03
413 2.371702e-04 5.417074e-03
414 3.917411e-04 1.182743e-02
415 3.359974e-05 3.158870e-03
416 2.215788e-03 3.000009e-02
417 3.359974e-05 3.158870e-03
418 8.279462e-04 1.289802e-02
419 5.876848e-03 3.930836e-02
420 2.649378e-04 5.150179e-03
421 8.342159e-04 1.570603e-02
422 7.701428e-04 7.591927e-03
423 3.359974e-05 3.158870e-03
424 8.974639e-05 3.215017e-03
425 1.257669e-03 2.195315e-02
426 2.605065e-04 6.260047e-03
427 2.640095e-03 4.627347e-02
428 6.244869e-04 6.426143e-03
429 7.365985e-04 8.294917e-03
430 9.918886e-05 4.984430e-03
431 2.708288e-05 2.747435e-03
432 2.099798e-04 4.364833e-03
433 3.359974e-05 3.158870e-03
434 8.758208e-05 3.293941e-03
435 6.790441e-04 7.307282e-03
436 7.789935e-05 3.164088e-03
437 4.832483e-04 1.627260e-02
438 8.974639e-05 3.215017e-03
439 3.359974e-05 3.158870e-03
440 1.075959e-04 5.775184e-03
441 6.790441e-04 7.307282e-03
442 8.824530e-05 3.590979e-03
443 8.824530e-05 3.590979e-03
444 2.585486e-04 5.383169e-03
445 2.825865e-04 7.158920e-03
446 7.995062e-05 3.769842e-03
447 8.824530e-05 3.590979e-03
448 6.790441e-04 7.307282e-03
449 2.848580e-05 2.790236e-03
450 2.605065e-04 6.260047e-03
451 1.998321e-04 3.186415e-03
452 1.112224e-02 6.852020e-02
453 6.290373e-04 6.045239e-03
454 9.081730e-04 1.755443e-02
455 3.176309e-04 1.162114e-02
456 1.074019e-03 1.410290e-02
457 6.790441e-04 7.307282e-03
458 1.466072e-03 3.269437e-02
459 1.052971e-02 7.874945e-02
460 2.585486e-04 5.383169e-03
461 9.918886e-05 4.984430e-03
462 8.635993e-05 5.553286e-03
463 2.719417e-04 5.791774e-03
464 7.656770e-04 1.020537e-02
465 2.585486e-04 5.383169e-03
466 2.825865e-04 7.158920e-03
467 1.866953e-03 1.259949e-02
468 7.406282e-05 3.047041e-03
469 7.406282e-05 3.047041e-03
470 3.917411e-04 1.182743e-02
471 8.758208e-05 3.293941e-03
472 8.758208e-05 3.293941e-03
473 2.585486e-04 5.383169e-03
474 9.918886e-05 4.984430e-03
475 7.425193e-05 2.904749e-03
476 3.359974e-05 3.158870e-03
477 3.826263e-04 1.048210e-02
478 3.359974e-05 3.158870e-03
479 2.915345e-04 7.430202e-03
480 6.958245e-04 6.695365e-03
481 7.789935e-05 3.164088e-03
482 3.359974e-05 3.158870e-03
483 8.571087e-05 5.262594e-03
484 8.824530e-05 3.590979e-03
485 2.401199e-04 3.802672e-03
486 9.918886e-05 4.984430e-03
487 2.224943e-03 2.258031e-02
488 3.826263e-04 1.048210e-02
489 1.367543e-03 2.418393e-02
490 1.156448e-03 2.032872e-02
491 8.244412e-04 1.637918e-02
492 2.949909e-04 6.650958e-03
493 3.359974e-05 3.158870e-03
494 2.840561e-03 3.040086e-02
495 2.712491e-04 7.152956e-03
496 5.495590e-05 1.002180e-02
497 2.128034e-03 2.706649e-02
498 9.098729e-05 5.051305e-03
499 8.992117e-05 5.849293e-03
500 9.822054e-05 7.336843e-03
501 8.342159e-04 1.570603e-02
