1 4.110219e-05 7.857223e-02
2 9.886698e-08 9.773968e-02
3 1.070172e-03 1.403289e-01
4 8.206967e-06 2.239554e-02
5 7.234870e-08 4.131686e-03
6 1.906243e-03 6.475282e-01
7 4.070097e-02 1.017563e+00
8 2.042194e-04 7.472772e-02
9 3.694752e-07 3.209248e-03
10 4.286367e-04 4.468803e-01
11 5.926116e-08 9.372074e-03
12 2.540607e-04 4.284922e-02
13 2.631892e-03 3.527859e-01
14 2.210610e-08 5.691322e-03
15 1.292847e-03 1.217311e-01
16 3.438169e-04 2.560248e-01
17 9.070846e-10 7.217053e-03
18 1.178405e-05 1.968576e-02
19 3.706035e-05 8.643825e-02
20 5.138760e-11 5.073522e-03
21 1.195703e-02 1.276955e+00
22 4.115630e-03 1.478281e-01
23 8.979700e-08 5.919523e-03
24 1.880300e-04 5.567226e-02
25 8.577058e-05 5.602421e-02
26 3.721441e-03 3.434389e-01
27 1.108961e-04 3.168454e-02
28 4.231838e-09 4.300981e-03
29 1.601387e-03 4.071241e-01
30 3.434430e-02 1.447838e+00
31 3.046930e-03 6.594218e-02
32 1.480901e-03 1.650828e-01
33 2.764430e-06 3.273040e-03
34 6.159926e-11 2.780131e-03
35 1.123596e-05 2.545206e-02
36 8.167762e-03 4.486644e-01
37 2.787899e-07 6.770184e-02
38 8.955937e-08 2.253651e-02
39 6.097675e-09 2.842719e-03
40 6.488619e-06 1.472600e-02
41 8.266790e-04 2.102873e-01
42 1.622835e-07 2.019371e-02
43 9.139014e-03 4.256079e-01
44 7.987353e-05 5.771991e-02
45 6.302762e-04 5.936803e-02
46 4.759852e-05 1.101161e-02
47 3.354397e-03 2.935381e-01
48 9.115368e-09 3.290416e-03
49 1.089049e-04 6.191105e-02
50 1.513593e-02 7.284213e-01
51 9.688141e-04 9.750088e-02
52 9.056107e-04 3.177445e-02
53 1.425166e-05 6.787962e-03
54 1.593413e-06 1.911108e-02
55 8.990870e-07 3.840674e-03
56 1.217932e-02 8.198424e-01
57 2.067072e-04 3.375705e-02
58 5.794743e-05 2.297503e-02
59 1.024863e-03 4.421520e-02
60 1.953943e-06 1.993224e-02
61 5.103238e-03 8.338690e-01
62 1.754382e-03 2.113000e-01
63 7.312238e-08 3.971764e-03
64 1.912390e-06 3.512480e-03
65 6.015003e-05 1.985347e-01
66 2.527068e-08 2.863001e-03
67 6.579007e-08 8.856491e-03
68 3.556668e-09 4.155418e-03
69 1.167452e-06 6.840024e-03
70 5.745512e-09 1.086351e-02
71 7.492057e-03 2.095018e-01
72 2.176838e-05 5.643879e-03
73 1.107176e-07 3.153133e-03
74 2.365483e-04 1.171380e-01
75 1.163883e-08 4.010599e-03
76 1.606321e-04 9.153326e-03
77 5.121644e-09 4.439903e-03
78 4.147847e-03 3.847506e-01
79 2.671269e-02 7.786863e-01
80 3.332854e-07 9.119461e-03
81 5.266262e-10 2.817617e-03
82 4.598721e-06 1.071045e-02
83 1.888898e-06 5.579416e-03
84 6.089002e-05 2.923170e-02
85 2.260770e-03 5.088632e-01
86 3.561343e-04 4.818569e-02
87 1.236169e-08 4.129938e-03
88 1.879893e-06 1.092133e-02
89 2.026596e-04 1.915506e-01
90 1.556594e-04 2.049806e-02
91 1.194129e-05 2.934027e-02
92 1.797219e-02 1.631619e+00
93 4.052846e-04 1.592417e-01
94 3.136748e-07 4.772536e-03
95 3.897144e-05 1.024092e-01
96 7.701824e-07 4.118749e-03
97 4.245681e-07 8.592221e-03
98 1.254260e-05 7.419046e-03
99 1.404524e-04 5.952904e-02
100 1.268588e-02 9.447771e-01
101 3.534952e-08 5.900502e-03
102 1.978085e-07 5.636408e-03
103 3.741718e-05 1.043481e-01
104 1.854457e-04 1.587124e-02
105 2.102389e-03 1.408689e-01
106 1.126166e-06 6.698855e-03
107 4.968346e-09 4.345414e-03
108 2.394750e-08 4.347868e-03
109 4.066666e-07 3.472714e-03
110 3.662911e-05 1.316594e-02
111 1.709057e-06 2.541378e-02
112 2.950245e-05 3.287048e-02
113 2.821222e-03 2.511101e-01
114 1.330711e-02 6.735316e-01
115 1.140198e-02 6.017666e-01
116 1.070671e-02 4.893096e-01
117 2.140895e-04 8.490517e-02
118 5.700693e-03 1.066870e+00
119 1.008046e-04 1.131057e-02
120 3.253417e-05 1.648619e-02
121 1.539095e-05 4.796104e-02
122 8.035133e-06 6.211961e-02
123 3.596223e-07 5.510708e-03
124 2.808981e-04 4.795807e-02
125 2.656295e-06 1.110503e-02
126 2.774483e-06 1.333664e-02
127 8.424438e-06 1.578439e-02
128 3.381739e-06 3.793702e-02
129 2.788235e-06 1.309837e-02
130 2.246723e-06 8.708421e-03
131 7.682004e-06 1.262655e-02
132 2.252150e-04 2.042667e-01
133 5.459450e-05 4.512235e-02
134 4.950598e-05 1.255699e-01
135 2.631087e-06 8.893660e-03
136 4.173026e-05 1.610618e-02
137 2.295493e-04 1.478472e-01
138 2.522354e-06 1.218693e-02
139 2.515254e-06 1.320217e-02
140 4.199041e-07 6.759670e-03
141 2.125726e-06 6.730175e-03
142 2.805948e-05 8.337620e-03
143 1.037005e-06 6.214443e-03
144 3.208052e-06 1.465447e-02
145 1.242076e-06 9.494596e-03
146 7.177011e-09 2.921000e-03
147 5.427564e-07 1.008417e-02
148 8.075920e-07 6.152032e-03
149 8.001518e-07 5.076794e-03
150 4.719624e-08 6.483363e-03
151 5.599672e-08 3.797989e-03
152 1.470034e-07 5.741362e-03
153 1.437562e-05 1.420759e-02
154 7.619707e-07 5.035553e-03
155 3.292431e-07 6.117513e-03
156 6.928595e-06 1.456023e-02
157 3.800345e-07 5.642606e-03
158 3.279065e-04 5.732880e-02
159 5.982877e-05 2.439829e-02
160 1.296130e-04 1.240079e-02
161 1.381884e-04 2.988237e-02
162 2.041836e-05 7.634486e-03
163 6.937390e-06 6.447802e-03
164 1.834615e-05 7.353781e-03
165 2.816152e-06 6.393292e-03
166 7.208363e-06 6.699463e-03
167 1.170162e-04 1.514357e-02
168 6.923110e-04 3.650530e-02
169 1.630282e-04 4.903547e-02
170 5.377340e-05 1.058631e-02
171 4.155075e-05 1.104451e-02
172 2.803502e-04 1.524767e-02
173 3.871511e-04 4.965325e-02
174 1.419396e-03 1.694721e-01
175 1.669922e-04 2.190806e-02
176 2.617379e-05 1.486912e-02
177 1.069352e-05 1.467954e-02
178 3.168669e-06 5.085364e-03
179 7.719287e-05 3.115835e-02
180 7.107994e-05 2.273690e-02
181 4.729947e-04 1.079195e-01
182 1.432349e-05 5.206539e-02
183 3.400371e-06 1.179654e-02
184 4.676892e-04 9.602529e-02
185 1.478015e-03 2.046322e-01
186 3.156743e-05 4.203690e-02
187 1.108712e-05 1.345088e-02
188 6.816843e-05 3.106403e-02
189 2.832771e-05 1.693976e-02
190 1.806059e-04 4.872716e-02
191 2.449369e-04 6.382212e-02
192 1.468418e-05 1.435414e-02
193 4.557585e-04 4.815106e-02
194 1.018839e-05 9.194003e-03
195 7.083792e-05 2.103447e-02
196 1.909838e-04 1.959738e-02
197 1.115700e-03 3.041490e-02
198 6.688201e-05 1.365629e-02
199 6.935917e-05 1.929617e-02
200 3.572981e-05 2.334327e-02
201 7.349690e-06 5.829124e-03
202 5.013216e-06 1.567330e-02
203 3.286805e-05 1.507438e-02
204 7.779896e-06 7.774181e-03
205 2.088978e-05 5.664715e-03
206 7.966468e-05 1.473412e-02
207 1.429217e-06 8.317478e-03
208 8.225694e-07 7.222089e-03
209 4.205372e-06 7.766122e-03
210 3.647783e-06 5.358758e-03
211 3.330638e-05 1.483040e-02
212 3.362497e-03 1.877842e-01
213 5.733224e-06 2.859452e-02
214 8.261314e-05 1.106227e-02
215 8.625663e-05 2.268810e-02
216 5.649479e-06 2.398423e-02
217 5.992422e-05 1.574983e-02
218 9.727798e-04 1.045096e-01
219 5.154734e-05 2.479740e-02
220 6.072119e-07 8.704913e-03
221 3.755684e-05 3.506221e-02
222 2.938466e-05 7.587447e-02
223 8.215649e-05 2.560915e-02
224 5.264167e-05 9.418925e-03
225 4.310860e-07 6.106189e-03
226 1.787306e-07 5.590757e-03
227 2.991044e-06 6.744217e-03
228 2.182714e-05 2.574086e-02
229 1.646253e-05 1.949141e-02
230 1.285275e-04 4.669398e-02
231 1.020488e-03 1.741097e-01
232 3.942506e-04 2.575677e-01
233 1.868932e-05 1.721225e-02
234 6.248578e-06 7.983667e-03
235 1.311833e-04 4.319713e-02
236 7.079515e-06 1.217789e-02
237 1.173535e-04 4.543844e-02
238 6.256238e-06 7.845991e-03
239 4.559357e-07 6.608597e-03
240 6.301632e-06 6.668287e-03
241 6.699679e-06 1.669260e-02
242 1.460537e-05 8.157510e-03
243 7.580673e-06 1.451608e-02
244 6.936485e-08 4.997398e-03
245 1.068155e-04 3.688262e-02
246 1.203859e-04 5.010965e-02
247 5.123967e-05 4.246711e-02
248 5.807240e-05 2.589223e-02
249 1.736516e-05 1.329744e-02
250 1.085092e-06 7.793098e-03
251 1.085092e-06 7.793098e-03
252 5.672431e-05 2.212275e-02
253 8.305160e-06 9.740990e-03
254 2.886878e-06 8.026694e-03
255 1.706218e-05 1.247823e-02
256 3.767338e-07 6.294425e-03
257 5.123967e-05 4.246711e-02
258 1.426835e-03 3.474346e-01
259 4.826743e-04 1.252026e-01
260 1.471511e-06 1.221264e-02
261 6.668955e-05 3.347883e-02
262 3.901357e-06 1.450275e-02
263 2.241962e-04 8.976091e-02
264 1.693163e-05 5.644941e-02
265 1.471127e-05 5.585727e-02
266 9.230923e-05 4.536232e-02
267 2.568816e-03 1.040183e-01
268 7.820578e-06 6.704810e-03
269 3.526361e-04 3.133914e-02
270 8.577957e-07 2.411432e-02
271 1.642769e-05 1.140399e-02
272 2.128572e-05 1.307030e-02
273 1.464077e-05 2.181790e-02
274 3.476702e-05 2.662013e-02
275 2.072046e-06 2.446674e-02
276 6.781034e-06 1.141592e-02
277 6.573447e-05 2.773767e-02
278 1.657863e-06 2.699665e-02
279 4.109940e-04 4.184745e-02
280 3.639167e-05 2.203904e-02
281 6.062757e-05 1.789747e-02
282 6.344096e-05 1.077430e-02
283 3.002363e-06 1.234134e-02
284 9.674899e-06 1.523268e-02
285 3.415218e-03 4.085509e-01
286 1.392950e-05 3.787203e-02
287 2.771189e-04 1.380264e-01
288 7.076622e-05 3.026956e-02
289 2.250521e-04 5.896335e-02
290 2.630504e-04 7.554007e-02
291 1.098879e-04 4.639503e-02
292 6.569973e-04 1.178046e-01
293 4.391144e-03 3.012613e-01
294 1.921557e-04 3.616636e-02
295 6.324746e-03 4.895625e-01
296 8.957773e-03 8.556820e-01
297 7.489662e-03 7.854916e-01
298 2.141518e-04 1.771806e-01
299 4.029381e-05 1.057069e-01
300 7.592270e-05 4.236057e-02
301 7.029133e-04 3.700785e-01
302 3.059541e-05 8.922686e-02
303 7.989621e-06 9.264222e-03
304 3.738391e-06 9.810933e-03
305 3.265484e-06 8.591871e-03
306 1.363583e-06 1.613992e-02
307 5.586451e-05 1.931710e-02
308 5.899177e-05 1.806560e-02
309 8.382088e-06 1.016414e-02
310 5.548854e-07 1.045400e-02
311 2.371142e-05 1.745395e-02
312 3.160137e-06 7.893767e-03
313 3.256854e-06 6.566435e-03
314 3.425892e-06 9.458758e-03
315 8.857161e-06 1.991354e-02
316 1.577813e-04 4.975182e-02
317 2.905335e-09 3.218452e-03
318 5.633076e-08 3.173480e-03
319 1.506392e-06 1.887704e-02
320 4.206442e-04 5.353553e-02
321 9.968483e-08 1.485023e-02
322 5.991561e-05 4.892467e-02
323 7.514051e-03 2.810613e-01
324 3.828220e-06 2.207088e-02
325 1.980074e-05 1.213663e-02
326 3.075293e-05 3.242727e-02
327 2.615726e-04 1.199126e-01
328 1.286089e-04 1.683486e-01
329 1.758832e-03 2.018523e-01
330 3.257735e-03 4.532361e-01
331 4.354267e-03 7.447938e-01
332 2.505249e-04 1.803967e-01
333 2.313278e-04 5.461135e-02
334 9.149621e-05 5.699178e-02
335 1.269509e-03 6.378786e-02
336 6.161270e-04 1.096500e-01
337 7.038514e-04 3.716228e-01
338 1.990663e-03 3.913173e-01
339 1.575067e-04 2.745990e-02
340 1.116783e-07 4.496142e-03
341 8.706586e-08 3.784181e-03
342 1.731042e-04 1.521037e-02
343 1.694402e-04 2.725387e-02
344 8.796019e-04 1.377539e-01
345 1.093867e-07 3.214906e-03
346 7.259061e-06 2.966443e-02
347 2.813878e-06 4.571917e-02
348 2.478160e-04 1.886867e-02
349 8.139973e-04 9.052470e-02
350 1.654540e-05 3.022325e-02
351 2.613257e-06 1.576039e-02
352 3.126536e-07 6.361511e-03
353 2.472392e-06 1.223281e-02
354 6.680807e-07 6.475964e-03
355 3.285071e-07 5.500799e-03
356 9.185376e-08 3.212409e-03
357 1.969052e-04 3.729344e-02
358 1.589995e-04 4.291705e-02
359 2.495519e-04 2.053445e-02
360 3.247844e-05 1.128103e-02
361 1.935868e-04 3.254436e-02
362 1.505142e-05 2.101239e-02
363 5.804524e-06 1.591073e-02
364 3.126536e-07 6.361511e-03
365 1.761720e-04 5.637638e-02
366 1.830063e-04 1.057509e-01
367 5.121538e-06 2.604831e-02
368 8.139973e-04 9.052470e-02
369 1.041733e-04 4.990147e-02
370 1.028701e-05 4.375661e-02
371 4.128533e-06 1.980896e-02
372 3.108155e-03 3.953197e-01
373 1.295780e-04 1.918061e-01
374 1.163232e-03 7.042595e-01
375 4.411050e-05 4.480701e-02
376 2.741870e-03 1.712379e-01
377 2.662900e-04 6.159431e-02
378 7.930506e-04 7.529504e-02
379 6.733054e-07 2.116243e-02
380 1.091582e-05 9.076328e-03
381 9.726129e-07 1.038434e-02
382 2.357773e-03 4.097915e-01
383 6.710989e-08 8.392955e-03
384 1.393080e-06 1.311140e-02
385 8.312327e-04 1.452240e-01
386 5.597831e-04 2.013438e-01
387 1.460786e-03 2.540624e-01
388 2.241465e-03 2.196324e-01
389 3.197406e-03 4.611226e-01
390 1.589489e-02 6.282501e-01
391 1.395174e-03 1.424903e-01
392 3.773767e-03 4.225104e-01
393 9.550036e-05 9.928084e-02
394 6.030748e-04 1.452887e-01
395 1.383268e-03 1.980182e-01
396 7.113569e-07 1.030899e-02
397 7.340786e-06 6.118178e-03
398 6.629380e-05 3.243250e-02
399 1.086167e-05 1.157956e-02
400 2.633380e-05 1.233394e-02
401 6.901387e-07 1.001894e-02
402 3.722700e-06 9.275405e-03
403 9.566062e-06 1.139944e-02
404 3.184397e-05 1.551400e-02
405 3.668130e-06 1.202147e-02
406 9.622341e-06 1.765752e-02
407 1.564782e-06 9.798349e-03
408 8.065627e-06 1.341944e-02
409 1.264612e-02 5.575008e-01
410 1.660927e-06 7.908108e-03
411 1.564782e-06 9.798349e-03
412 2.957792e-03 9.604007e-02
413 6.614459e-06 8.087237e-03
414 4.351015e-06 1.060172e-02
415 1.036943e-05 1.093380e-02
416 3.443317e-06 6.957093e-03
417 3.443317e-06 6.957093e-03
418 9.034733e-03 4.218895e-01
419 3.414694e-04 1.059791e-01
420 1.613800e-05 3.746369e-02
421 5.323437e-05 2.137851e-02
422 7.540874e-05 3.030004e-02
423 1.240402e-06 6.380927e-03
424 7.200150e-05 3.993151e-02
425 2.484125e-05 1.181452e-02
426 2.797379e-03 1.559909e-01
427 3.894521e-04 7.829260e-02
428 7.005589e-07 9.096663e-03
429 1.180351e-07 8.347109e-03
430 6.518571e-07 8.366075e-03
431 8.116955e-07 8.718776e-03
432 5.255086e-07 6.363214e-03
433 3.138969e-05 2.310533e-02
434 6.131009e-07 8.521780e-03
435 1.855686e-06 1.173309e-02
436 1.954758e-04 4.549193e-02
437 1.708649e-04 3.167462e-02
438 6.640389e-07 8.884097e-03
439 1.041456e-03 7.710115e-02
440 2.410285e-06 2.847246e-02
441 2.136598e-07 6.210614e-03
442 3.481007e-03 8.730908e-01
443 5.061920e-03 4.251751e-01
444 4.522563e-03 8.221928e-01
445 1.515640e-04 1.149400e-01
446 1.155986e-08 4.364086e-03
447 1.067140e-05 1.027423e-02
448 2.863795e-08 3.828339e-03
449 6.629872e-08 3.333583e-03
450 1.689380e-07 5.365222e-03
451 2.477191e-05 2.852430e-02
452 3.631841e-06 1.501068e-02
453 8.438610e-06 2.275159e-02
454 1.403062e-06 8.335997e-03
455 3.717763e-06 1.009206e-02
456 1.865345e-09 3.635516e-03
457 7.558764e-08 3.558930e-03
458 2.238587e-07 4.910132e-03
459 2.215732e-04 9.652430e-02
460 2.025494e-04 4.935188e-02
461 3.978026e-06 1.508420e-02
462 4.184852e-06 3.809885e-02
463 4.361152e-06 1.233095e-02
464 2.221322e-07 5.001150e-03
465 1.590675e-06 5.203301e-03
466 9.478177e-08 4.799147e-03
467 4.131358e-06 7.013367e-03
468 1.518871e-06 8.491959e-03
469 9.238213e-08 4.800533e-03
470 7.609564e-08 4.780859e-03
471 6.233829e-07 8.440801e-03
472 3.361938e-06 5.738894e-03
473 8.434264e-08 4.800028e-03
474 6.603804e-07 7.497486e-03
475 1.517759e-06 1.717738e-02
476 4.456482e-03 9.541976e-02
477 1.484159e-04 2.630298e-02
478 3.575840e-04 7.599372e-02
479 3.658165e-04 4.584228e-02
480 5.326460e-04 1.451715e-01
481 4.860432e-04 1.388360e-01
482 7.532425e-06 7.251586e-03
483 1.673378e-05 8.644432e-03
484 8.351470e-05 8.005700e-03
485 4.710225e-05 1.081589e-02
486 1.793373e-05 5.826041e-03
487 3.966902e-04 9.672055e-02
488 1.069452e-03 7.490172e-02
489 6.361852e-03 6.587337e-01
490 1.747495e-05 9.625833e-03
491 9.593122e-04 4.752539e-02
492 7.583746e-06 7.374708e-03
493 7.019197e-04 3.169952e-02
494 2.016464e-03 1.220789e-01
495 2.932557e-04 2.447645e-02
496 2.570097e-06 5.331035e-03
497 6.012595e-04 2.215998e-02
498 1.177079e-04 1.687190e-02
499 8.714320e-05 6.382261e-02
500 8.564689e-06 7.455297e-03
