2 5.887179e-04 4.647556e-02
3 9.600821e-03 1.751593e-01
4 3.493649e-03 1.381216e-01
5 1.632924e-03 1.308834e-01
6 2.609295e-02 2.598969e-01
7 1.367407e-03 4.831590e-02
8 1.554506e-03 9.329301e-02
9 7.505269e-04 1.917676e-02
10 3.752903e-05 3.533651e-03
11 9.146477e-03 5.391522e-02
12 2.949500e-03 4.303191e-02
13 4.628815e-03 5.667286e-02
14 1.807890e-02 1.096657e-01
15 1.582814e-03 3.597667e-02
16 1.641509e-03 1.023850e-01
17 1.101974e-04 6.573139e-03
18 4.264134e-03 1.655340e-01
19 3.793881e-05 3.701988e-03
20 5.388701e-03 9.769231e-02
21 2.567162e-03 3.188899e-02
22 3.253792e-03 5.864903e-02
23 1.009643e-04 8.786300e-03
24 1.611579e-03 7.122854e-02
25 4.134370e-04 7.251092e-03
26 7.356559e-04 1.112232e-01
27 7.242095e-03 6.585139e-02
28 9.420848e-05 4.082131e-03
29 6.391401e-03 2.718953e-01
30 8.223818e-04 1.425928e-02
31 1.843442e-04 4.712674e-02
32 5.061055e-04 2.062334e-02
33 3.136215e-03 4.676237e-02
34 1.065879e-03 3.999481e-02
35 8.761186e-03 9.590876e-02
36 3.098926e-03 4.055073e-02
37 3.027757e-03 8.361435e-02
38 1.359649e-02 7.635649e-02
39 1.349763e-03 4.834492e-02
40 9.245808e-03 9.776315e-02
41 4.107288e-05 6.846150e-03
42 5.160595e-04 4.488362e-02
43 2.741824e-04 5.505135e-02
44 4.715704e-05 6.902316e-03
45 1.192697e-04 5.511744e-03
46 1.192697e-04 5.511744e-03
47 1.301920e-04 8.507541e-03
48 5.329037e-06 2.797572e-03
49 2.180774e-03 8.676806e-02
50 3.559307e-04 7.886465e-03
51 1.723333e-05 3.456077e-03
52 5.518601e-05 6.726923e-03
53 5.879013e-04 1.590620e-02
54 1.472607e-05 3.510848e-03
55 1.195743e-04 5.054783e-03
56 4.678660e-05 5.401595e-03
57 1.111490e-04 3.818175e-03
58 3.021755e-04 7.244974e-03
59 1.228440e-04 6.381392e-03
60 9.580606e-05 5.944757e-03
61 3.367959e-04 1.146242e-02
62 3.292821e-04 7.069725e-03
63 1.228440e-04 6.381392e-03
64 4.361390e-05 3.750640e-03
65 4.724785e-05 4.247191e-03
66 1.292074e-04 6.869650e-03
67 1.461038e-05 3.042207e-03
68 1.007400e-04 4.001706e-03
69 9.758393e-04 1.243936e-02
70 1.177223e-04 1.229796e-02
71 1.192697e-04 5.511744e-03
72 1.120659e-04 6.123941e-03
73 1.054455e-03 1.829885e-02
74 1.274695e-04 7.044605e-03
75 4.712752e-05 4.706210e-03
76 4.017948e-04 3.399680e-02
77 3.981360e-05 4.186746e-03
78 2.494281e-04 3.221917e-02
79 8.368497e-04 1.077077e-02
80 3.734557e-04 1.063920e-02
81 3.437044e-05 2.909543e-03
82 1.204353e-03 3.158813e-02
83 1.287514e-04 6.731376e-03
84 1.020565e-03 3.695533e-02
85 3.529920e-04 1.058130e-02
86 3.221709e-04 9.000153e-03
87 3.912231e-04 1.476860e-02
88 1.863334e-05 6.423507e-03
89 2.516714e-04 1.229677e-02
90 3.225982e-04 8.474184e-03
91 4.361390e-05 3.750640e-03
92 1.047031e-04 6.391631e-03
93 3.044782e-04 7.939337e-03
94 1.192697e-04 5.511744e-03
95 1.150762e-04 4.122670e-03
96 1.309655e-02 8.321189e-02
97 1.113479e-04 4.507191e-03
98 1.586737e-03 3.761256e-02
99 4.654537e-03 8.645852e-02
100 6.260904e-03 4.209115e-02
101 6.878944e-03 6.199979e-02
102 3.185748e-04 8.369532e-03
103 1.228982e-03 2.179609e-02
104 1.278764e-03 3.676134e-02
105 2.994291e-03 4.620769e-02
106 3.028820e-04 7.064728e-03
107 1.047136e-03 2.473040e-02
108 8.750750e-05 7.663208e-03
109 2.023104e-03 5.214299e-02
110 4.361390e-05 3.750640e-03
111 8.677282e-04 2.458725e-02
112 6.151379e-04 3.139892e-02
113 2.023104e-03 5.214299e-02
114 1.916871e-03 4.742757e-02
115 1.044376e-04 2.363191e-02
116 1.660553e-04 2.908755e-02
117 4.361390e-05 3.750640e-03
118 5.087403e-05 5.861804e-03
119 2.211956e-03 1.625057e-01
120 5.521627e-05 3.783055e-02
121 4.361390e-05 3.750640e-03
122 1.841501e-05 7.205416e-03
123 2.496655e-03 2.864941e-02
124 4.180537e-04 2.593154e-02
125 8.943217e-04 1.571098e-02
126 1.239341e-04 5.277711e-03
127 1.396641e-04 7.670199e-03
128 8.737013e-03 1.019050e-01
129 1.020759e-03 2.053784e-02
130 4.361390e-05 3.750640e-03
131 2.986665e-03 5.068050e-02
132 1.007400e-04 4.001706e-03
133 8.406761e-03 8.664018e-02
134 3.833283e-04 1.145901e-02
135 1.164946e-04 4.795660e-03
136 4.651569e-05 7.553167e-03
137 4.318812e-05 4.909891e-03
138 7.133511e-05 1.098970e-02
139 9.344129e-05 3.969207e-03
140 1.213022e-04 1.166423e-02
141 7.294596e-04 1.098248e-02
142 2.142999e-03 1.454512e-02
143 4.361390e-05 3.750640e-03
144 1.417548e-05 3.780982e-03
145 9.443701e-05 1.239757e-02
146 1.018782e-04 8.164795e-03
147 2.385270e-03 3.254952e-02
148 3.987623e-05 3.395405e-03
149 1.268951e-04 9.204771e-03
150 1.085263e-05 2.855814e-03
151 3.414428e-06 1.014060e-02
152 5.809285e-05 1.141172e-02
153 1.057664e-04 7.603119e-03
154 7.329633e-04 1.434310e-02
155 3.863053e-05 3.703151e-03
156 1.235317e-03 4.272014e-02
157 3.164434e-05 3.217724e-03
158 1.309650e-04 8.898052e-03
159 3.456412e-05 5.090997e-03
160 1.175257e-04 1.029799e-02
161 1.179789e-04 5.980390e-03
162 3.225281e-04 1.337463e-02
163 3.482821e-04 1.331376e-02
164 3.185748e-04 8.369532e-03
165 1.326098e-04 7.670159e-03
166 4.492090e-05 4.068648e-03
167 1.516737e-05 3.821670e-03
168 3.542066e-04 1.192387e-02
169 3.356072e-04 9.936812e-03
170 8.973006e-04 1.247549e-02
171 1.057709e-03 2.378794e-02
172 6.890321e-04 1.013205e-02
173 1.245293e-05 3.230465e-03
174 1.115049e-05 3.339901e-03
175 1.723333e-05 3.456077e-03
176 9.856983e-04 1.849157e-02
177 3.297293e-05 6.928230e-03
178 5.493622e-04 7.075924e-03
179 2.858282e-05 4.275566e-03
180 4.603098e-05 4.008868e-03
181 3.025653e-03 6.479079e-02
182 1.888959e-04 4.501029e-03
183 3.418589e-04 7.160173e-03
184 5.613484e-03 7.829885e-02
185 3.743699e-04 9.267714e-03
186 3.240390e-04 1.109205e-02
187 5.950860e-03 7.154547e-02
188 4.304653e-05 4.182676e-03
189 1.208181e-05 3.251822e-03
190 2.664137e-04 1.086230e-02
191 9.724975e-04 1.655283e-02
192 1.228440e-04 6.381392e-03
193 4.525491e-04 3.924276e-02
194 1.228440e-04 6.381392e-03
195 2.985795e-04 7.996963e-03
196 1.107884e-04 6.090809e-03
197 1.436484e-03 8.054506e-02
198 4.078615e-05 3.847343e-03
199 3.098835e-04 1.565011e-02
200 2.132297e-03 1.812657e-02
201 3.867608e-05 4.515402e-03
202 9.440906e-04 3.168287e-02
203 1.660400e-03 8.817253e-02
204 1.032615e-05 3.277590e-03
205 5.574978e-04 9.119559e-02
206 6.030612e-06 8.507702e-03
207 4.690653e-03 1.215893e-01
208 6.565961e-04 6.298214e-02
209 7.963866e-04 8.140128e-02
210 2.828145e-03 3.370330e-02
211 3.730490e-04 1.101665e-02
212 8.181517e-04 1.396288e-02
213 1.421640e-04 9.443919e-03
214 3.735220e-04 2.573148e-02
215 1.507528e-05 3.957783e-03
216 1.717742e-05 5.582095e-03
217 3.120596e-04 3.059167e-02
218 1.465679e-04 1.238407e-02
219 1.144799e-04 4.138207e-03
220 8.390235e-04 1.950623e-02
221 3.166713e-04 2.009903e-02
222 1.683398e-03 1.729649e-02
223 3.384254e-04 7.085113e-03
224 1.174983e-05 2.955784e-03
225 9.032099e-04 1.895045e-02
226 1.377129e-05 3.623098e-03
227 9.032099e-04 1.895045e-02
228 1.155037e-04 1.170016e-02
229 2.201334e-03 4.732490e-02
230 3.104071e-03 1.092930e-01
231 3.672105e-04 1.208579e-02
232 7.759151e-04 1.591753e-02
233 7.154710e-05 1.886323e-02
234 3.381486e-04 1.084817e-02
235 1.173351e-04 1.057508e-02
236 7.579416e-04 8.321985e-02
237 1.472607e-05 3.510848e-03
238 3.063040e-04 8.433535e-03
239 7.520700e-04 6.469769e-03
240 1.148720e-03 1.650869e-02
241 4.939893e-03 7.820651e-02
242 1.197138e-04 8.860115e-03
243 3.981124e-05 4.958813e-03
244 4.391873e-05 3.482762e-03
245 3.059579e-04 7.889792e-03
246 3.730490e-04 1.101665e-02
247 1.385979e-05 5.939569e-03
248 6.319906e-05 2.437910e-02
249 9.082155e-04 4.624427e-02
250 4.709246e-04 4.353408e-02
251 4.526107e-05 4.371552e-03
252 4.370617e-03 1.410660e-01
253 3.482821e-04 1.331376e-02
254 1.287514e-04 6.731376e-03
255 3.987006e-04 1.000400e-02
256 3.238541e-05 3.031389e-03
257 4.982155e-04 2.228902e-02
258 3.955401e-04 1.937424e-02
259 1.516737e-05 3.821670e-03
260 3.410790e-04 7.978167e-03
261 1.336140e-04 8.564355e-03
262 5.989551e-06 3.428037e-03
263 8.003394e-04 9.056638e-03
264 2.287843e-04 1.417587e-02
265 9.847231e-05 8.867008e-03
266 2.968839e-04 4.976049e-03
267 1.258602e-04 7.552164e-03
268 1.595306e-05 3.987420e-03
269 1.375112e-04 6.423796e-03
270 5.068171e-06 4.648714e-03
271 1.068004e-03 2.077449e-02
272 1.170527e-04 8.492388e-03
273 4.324936e-04 1.122021e-02
274 1.002021e-04 5.535190e-03
275 1.263856e-05 5.570907e-03
276 4.107118e-06 2.765923e-03
277 5.122280e-05 1.816140e-02
278 1.407556e-04 1.249948e-02
279 1.048544e-04 4.109488e-03
280 1.882977e-03 3.237612e-02
281 3.700566e-04 1.277155e-02
282 8.317077e-05 3.964516e-03
283 2.462849e-03 3.763913e-02
284 1.372181e-04 1.166505e-02
285 1.180228e-04 1.095725e-02
286 4.854113e-05 7.442960e-03
287 8.145439e-05 4.315802e-03
288 3.059579e-04 7.889792e-03
289 1.570584e-05 6.961558e-03
290 3.662159e-04 9.551452e-03
291 9.990899e-04 2.080134e-02
292 1.876675e-03 2.583764e-02
293 1.128174e-05 3.770079e-03
294 9.818159e-05 7.718372e-03
295 7.768392e-05 7.642894e-03
296 2.172293e-03 3.074791e-02
297 5.475405e-05 7.054901e-03
298 1.128174e-05 3.770079e-03
299 3.538750e-05 5.870143e-03
300 3.366876e-05 7.181192e-03
301 4.704242e-03 9.018102e-02
302 1.123626e-04 4.080990e-03
303 2.284562e-03 6.008711e-02
304 1.350192e-05 3.019419e-03
305 8.127655e-04 8.541042e-03
306 3.380518e-05 4.928870e-03
307 3.317977e-04 1.723076e-02
308 7.233277e-04 8.729078e-03
309 8.229592e-04 1.001084e-02
310 9.500529e-04 2.297235e-02
311 2.580850e-04 7.891741e-03
312 2.748573e-03 3.403557e-02
313 9.990564e-04 1.657498e-02
314 4.747645e-05 3.554799e-03
315 7.166473e-04 1.889386e-02
316 1.123234e-02 1.531863e-01
317 2.152570e-03 2.121044e-02
318 9.821228e-04 7.598043e-02
319 1.256276e-04 3.553857e-02
320 1.032457e-04 4.912614e-03
321 1.322629e-04 1.044659e-02
322 1.239971e-05 7.464687e-03
323 4.475699e-02 1.910433e-01
324 9.374246e-05 4.376446e-03
325 2.193285e-04 5.903157e-03
326 3.828012e-05 5.600116e-03
327 2.919183e-04 5.322557e-03
328 2.853557e-04 1.291598e-02
329 2.325244e-03 6.048348e-02
330 3.503146e-06 2.836050e-03
331 5.880387e-04 5.336756e-02
332 4.065384e-05 6.354863e-03
333 1.055325e-04 5.751844e-03
334 1.336140e-04 8.564355e-03
335 2.384188e-04 8.389366e-03
336 1.336140e-04 8.564355e-03
337 1.723333e-05 3.456077e-03
338 2.616232e-04 1.129883e-02
339 2.625920e-04 5.490902e-03
340 5.902180e-04 6.529158e-02
341 3.616149e-04 4.673546e-02
342 8.674792e-04 1.601103e-02
343 1.162150e-04 4.187283e-03
344 1.044191e-03 4.204266e-02
345 2.657171e-04 5.384368e-02
346 8.043996e-04 2.215683e-02
347 1.723333e-05 3.456077e-03
348 1.282866e-04 2.770071e-02
349 1.144441e-04 6.728962e-03
350 1.145462e-04 5.145184e-03
351 3.478150e-03 1.022749e-01
352 2.803836e-04 1.136469e-02
353 1.723333e-05 3.456077e-03
354 1.172727e-03 2.624605e-02
355 1.130869e-03 2.630505e-02
356 1.189798e-04 5.157298e-03
357 9.095022e-04 1.628449e-02
358 1.280541e-04 6.174323e-03
359 5.286374e-06 5.689825e-03
360 5.433525e-06 3.543327e-03
361 3.791827e-05 1.047397e-02
362 1.556325e-03 7.247291e-02
363 1.138967e-03 7.011142e-02
364 7.949028e-03 5.080213e-02
365 2.735479e-03 7.797769e-02
366 4.083776e-05 8.225535e-03
367 3.906352e-05 7.124385e-03
368 2.119893e-03 2.597934e-02
369 1.287514e-04 6.731376e-03
370 7.386633e-04 2.120827e-02
371 1.191864e-04 8.640528e-03
372 6.445090e-03 1.845109e-01
373 8.235654e-05 3.200219e-03
374 1.037732e-04 7.511162e-03
375 4.724785e-05 4.247191e-03
376 2.405408e-05 1.084064e-02
377 3.640526e-04 1.114732e-02
378 2.304083e-04 8.396933e-03
379 2.837469e-04 7.088551e-03
380 6.816261e-03 3.328146e-02
381 2.676919e-03 2.771021e-02
382 1.352051e-04 4.722575e-03
383 3.647869e-04 9.331453e-03
384 1.201528e-04 4.000486e-03
385 1.137447e-04 1.205435e-02
386 3.951203e-05 4.651495e-03
387 2.926340e-04 1.570039e-02
388 7.382194e-04 3.057671e-02
389 1.228440e-04 6.381392e-03
390 4.033449e-05 4.929854e-03
391 3.542066e-04 1.192387e-02
392 1.998310e-03 7.404795e-02
393 1.017689e-05 3.246880e-03
394 2.614720e-03 5.049565e-02
395 1.415740e-04 9.112865e-03
396 8.022490e-05 1.592468e-02
397 1.080525e-04 7.975288e-03
398 1.618060e-05 5.258684e-03
399 4.027097e-05 4.855992e-03
400 3.116313e-04 1.267949e-02
401 1.111490e-04 3.818175e-03
402 1.840981e-04 1.971542e-02
403 6.334849e-04 2.800992e-02
404 1.363776e-04 1.364649e-02
405 1.195743e-04 5.054783e-03
406 2.323240e-04 5.346559e-03
407 3.839346e-04 2.158854e-02
408 9.514701e-03 8.985418e-02
409 2.928230e-04 2.403676e-02
410 2.594809e-04 6.193468e-03
411 3.661769e-04 1.298053e-02
412 3.542219e-04 1.095473e-02
413 7.468137e-04 1.503998e-02
414 2.221038e-05 1.280661e-02
415 4.391873e-05 3.482762e-03
416 3.837278e-04 4.335138e-02
417 1.723333e-05 3.456077e-03
418 8.381662e-04 2.366015e-02
419 2.979170e-03 6.415307e-02
420 1.280011e-04 6.464275e-03
421 1.311710e-04 1.884124e-02
422 9.996782e-04 2.115593e-02
423 1.201528e-04 4.000486e-03
424 2.968839e-04 4.976049e-03
425 5.817958e-04 2.894844e-02
426 1.141746e-04 8.989010e-03
427 1.372807e-03 7.667196e-02
428 8.945865e-04 1.630108e-02
429 3.734063e-04 1.140893e-02
430 5.087403e-05 5.861804e-03
431 1.261224e-05 2.918562e-03
432 2.585402e-04 5.563428e-03
433 1.723333e-05 3.456077e-03
434 1.237535e-04 4.325981e-03
435 7.076024e-04 2.102828e-02
436 4.257143e-06 3.436925e-03
437 1.201786e-03 3.112381e-02
438 5.575972e-06 3.409026e-03
439 4.361390e-05 3.750640e-03
440 1.237059e-04 7.518124e-03
441 1.078515e-03 2.323646e-02
442 1.145462e-04 5.145184e-03
443 1.145462e-04 5.145184e-03
444 1.326098e-04 7.670159e-03
445 1.010531e-03 1.423722e-02
446 2.903745e-05 4.142686e-03
447 4.526107e-05 4.371552e-03
448 9.792429e-04 1.963579e-02
449 3.380699e-05 2.990770e-03
450 3.381486e-04 1.084817e-02
451 3.562243e-05 4.787266e-03
452 4.158073e-03 1.491487e-01
453 7.503148e-04 1.381949e-02
454 3.980333e-04 2.706809e-02
455 5.500698e-05 1.353504e-02
456 3.823858e-03 6.375422e-02
457 2.721059e-04 1.002464e-02
458 2.613446e-04 4.443904e-02
459 1.823524e-03 1.421965e-01
460 3.121779e-04 8.740764e-03
461 1.177175e-04 5.682697e-03
462 4.172363e-05 5.981633e-03
463 1.083338e-04 7.586372e-03
464 1.216113e-03 2.816680e-02
465 3.356072e-04 9.936812e-03
466 3.370688e-04 1.065140e-02
467 3.134933e-04 2.039203e-02
468 1.172693e-05 3.214271e-03
469 7.284266e-05 4.319826e-03
470 1.619048e-04 1.371272e-02
471 1.237535e-04 4.325981e-03
472 1.237535e-04 4.325981e-03
473 9.245712e-04 1.185936e-02
474 1.575401e-04 7.311225e-03
475 3.310850e-05 3.417014e-03
476 1.111490e-04 3.818175e-03
477 1.626019e-04 1.386861e-02
478 5.336593e-05 3.947061e-03
479 4.895363e-05 8.647048e-03
480 4.323180e-05 8.199558e-03
481 8.956299e-05 4.425975e-03
482 4.175987e-05 3.804992e-03
483 1.290415e-05 5.601514e-03
484 1.145462e-04 5.145184e-03
485 2.984361e-04 8.420169e-03
486 3.967667e-05 5.680978e-03
487 9.177454e-04 3.551077e-02
488 1.155042e-03 2.062330e-02
489 1.623003e-03 3.381113e-02
490 1.941874e-04 2.515566e-02
491 3.303693e-04 1.967838e-02
492 9.758393e-04 1.243936e-02
493 1.723333e-05 3.456077e-03
494 1.456926e-03 5.552702e-02
495 3.118625e-04 1.154691e-02
496 2.559245e-05 1.036905e-02
497 9.676129e-04 4.346713e-02
498 4.104827e-05 6.461641e-03
499 4.963811e-05 7.726310e-03
500 1.750897e-05 8.123686e-03
501 3.763506e-04 2.863668e-02
