1 2.212802e-04 7.402372e-02
2 6.434862e-06 9.771454e-02
3 2.710897e-03 6.087073e-02
4 3.235379e-04 2.113447e-02
5 1.932838e-07 4.122310e-03
6 3.620528e-03 3.310249e-01
7 3.345917e-02 5.540551e-01
8 2.067950e-04 6.799075e-02
9 3.665755e-07 3.201605e-03
10 6.120946e-03 3.195006e-01
11 9.586536e-07 9.363844e-03
12 2.146325e-04 3.184021e-02
13 2.167718e-03 2.211086e-01
14 3.356680e-07 5.688627e-03
15 5.004979e-04 7.254390e-02
16 8.405768e-04 2.255370e-01
17 2.626136e-08 7.216887e-03
18 4.701292e-06 1.915385e-02
19 6.477597e-04 7.465507e-02
20 4.225928e-09 5.073492e-03
21 5.000612e-03 6.574927e-01
22 1.290360e-03 9.694396e-02
23 1.954799e-07 5.904020e-03
24 8.278589e-05 5.066137e-02
25 2.382398e-04 4.566020e-02
26 5.029144e-04 9.695265e-02
27 8.393399e-05 2.578300e-02
28 3.587941e-07 4.295689e-03
29 4.018763e-03 3.481485e-01
30 3.432636e-02 8.640715e-01
31 7.910014e-05 3.574384e-02
32 1.847817e-03 3.660480e-02
33 9.850659e-07 3.199701e-03
34 6.419840e-09 2.780085e-03
35 5.629914e-05 2.442454e-02
36 1.126706e-03 3.770192e-01
37 3.108448e-05 6.758219e-02
38 9.100845e-06 2.246855e-02
39 2.354762e-07 2.840695e-03
40 9.341926e-05 1.370704e-02
41 4.721368e-03 1.343476e-01
42 2.286989e-06 2.017450e-02
43 1.255045e-03 1.375051e-01
44 1.927340e-04 5.434029e-02
45 2.509256e-04 3.402138e-02
46 1.705879e-05 1.004674e-02
47 3.337344e-03 1.653646e-01
48 7.111827e-07 3.277193e-03
49 4.793308e-04 5.095862e-02
50 1.130434e-02 3.583229e-01
51 1.093500e-03 7.243018e-02
52 1.492403e-04 1.078682e-02
53 3.611369e-05 5.786739e-03
54 2.534420e-05 1.899425e-02
55 2.490533e-06 3.749975e-03
56 9.638087e-03 4.834231e-01
57 2.124180e-04 3.106635e-02
58 1.084459e-05 2.081112e-02
59 3.871799e-04 3.842834e-02
60 6.362076e-05 1.924747e-02
61 4.351784e-03 5.217401e-01
62 3.441941e-03 6.875843e-02
63 4.092323e-07 3.968050e-03
64 4.196109e-06 3.415639e-03
65 1.685319e-03 1.637106e-01
66 1.224153e-07 2.861911e-03
67 6.608194e-06 8.830907e-03
68 3.005193e-07 4.154217e-03
69 7.011252e-06 6.773016e-03
70 1.098933e-06 1.085430e-02
71 9.266730e-04 4.582291e-02
72 7.572395e-06 5.232076e-03
73 1.277004e-06 3.133220e-03
74 3.352535e-03 9.959052e-02
75 4.349247e-07 4.006489e-03
76 1.904666e-05 3.563589e-03
77 4.703366e-07 4.436528e-03
78 4.090002e-03 1.689203e-01
79 3.996196e-03 3.135235e-01
80 6.893425e-07 9.111094e-03
81 1.363422e-07 2.816757e-03
82 2.734173e-05 1.015535e-02
83 3.103270e-06 4.737865e-03
84 7.357047e-05 2.447606e-02
85 6.347696e-03 3.465434e-01
86 6.124607e-05 4.176310e-02
87 4.881335e-07 4.121290e-03
88 4.294880e-06 1.075015e-02
89 1.783122e-04 1.876707e-01
90 2.321918e-05 1.819427e-02
91 6.901170e-05 2.799280e-02
92 3.924919e-02 7.386202e-01
93 7.863378e-04 1.095319e-01
94 4.317272e-06 4.700832e-03
95 1.144149e-03 8.743774e-02
96 5.618303e-07 4.101443e-03
97 1.531433e-05 8.474041e-03
98 2.051037e-06 7.338022e-03
99 3.628462e-04 4.539552e-02
100 1.384667e-02 5.249805e-01
101 1.200658e-06 5.876503e-03
102 1.288580e-06 5.612486e-03
103 2.311108e-04 1.026562e-01
104 1.830050e-04 1.343407e-02
105 4.517311e-03 7.820355e-02
106 7.358058e-06 6.618734e-03
107 3.983181e-07 4.338747e-03
108 1.534158e-07 4.346135e-03
109 1.040843e-06 3.444669e-03
110 3.312702e-05 1.251771e-02
111 2.514565e-05 2.503957e-02
112 1.055850e-03 2.683636e-02
113 2.936967e-03 1.470427e-01
114 6.087973e-03 3.073903e-01
115 1.009437e-02 2.929049e-01
116 1.219901e-02 2.419838e-01
117 2.392869e-04 7.096393e-02
118 3.446827e-02 6.988069e-01
119 4.456531e-05 8.910712e-03
120 9.420514e-05 1.512796e-02
121 2.294941e-04 4.395714e-02
122 7.602454e-04 5.859176e-02
123 1.396461e-05 5.247219e-03
124 6.972099e-04 2.692636e-02
125 2.751536e-04 1.003045e-02
126 1.182156e-04 1.172770e-02
127 5.447804e-05 1.500013e-02
128 7.657812e-04 3.503257e-02
129 3.053010e-04 1.115448e-02
130 9.307759e-05 8.111084e-03
131 1.276619e-04 1.177467e-02
132 3.750240e-03 1.509754e-01
133 3.585516e-04 3.064181e-02
134 3.835556e-03 9.931683e-02
135 4.372421e-05 8.601893e-03
136 1.107773e-04 1.196819e-02
137 1.697318e-03 1.214145e-01
138 4.264031e-05 1.179418e-02
139 4.179925e-05 1.292324e-02
140 6.340624e-06 6.653249e-03
141 5.233045e-06 6.614507e-03
142 1.258282e-05 7.006546e-03
143 3.884538e-05 5.891914e-03
144 1.165464e-04 1.356512e-02
145 4.503299e-05 9.288348e-03
146 2.655870e-07 2.917700e-03
147 1.967830e-05 9.994047e-03
148 2.201221e-06 6.102030e-03
149 1.296377e-05 4.864639e-03
150 1.997378e-06 6.475224e-03
151 2.319841e-06 3.783101e-03
152 9.819293e-07 5.726785e-03
153 3.874173e-05 1.324870e-02
154 1.288109e-05 4.916907e-03
155 8.974044e-07 6.097128e-03
156 1.151415e-04 1.379190e-02
157 1.574413e-05 5.541566e-03
158 9.873724e-04 4.551747e-02
159 3.554983e-04 1.789601e-02
160 4.673888e-05 1.043946e-02
161 3.277604e-04 1.512063e-02
162 1.978608e-05 6.595462e-03
163 6.714285e-06 5.982229e-03
164 1.754607e-05 6.177381e-03
165 6.714285e-06 5.982229e-03
166 6.714285e-06 5.982229e-03
167 4.321486e-05 7.449136e-03
168 1.047174e-04 7.815035e-03
169 8.153154e-04 3.187395e-02
170 1.996781e-05 8.678196e-03
171 9.706409e-05 7.260233e-03
172 4.353482e-05 5.872483e-03
173 3.558917e-04 1.918844e-02
174 1.304791e-03 5.778023e-02
175 6.812307e-05 1.482978e-02
176 5.846233e-05 1.036226e-02
177 5.846233e-05 1.036226e-02
178 2.888053e-06 4.791384e-03
179 7.707636e-05 2.451831e-02
180 1.633758e-04 1.482654e-02
181 4.722808e-04 6.723309e-02
182 2.179851e-04 4.555755e-02
183 5.174928e-05 1.025159e-02
184 1.175044e-03 5.579524e-02
185 1.388611e-03 8.200311e-02
186 1.643638e-04 3.329490e-02
187 5.878150e-05 1.188471e-02
188 1.712696e-04 2.520027e-02
189 7.117188e-05 1.450305e-02
190 4.269595e-04 3.374252e-02
191 2.761021e-04 4.716090e-02
192 1.341422e-05 1.372464e-02
193 2.019338e-04 3.935923e-02
194 1.107856e-05 8.733825e-03
195 2.073590e-04 1.432472e-02
196 8.724261e-05 1.598644e-02
197 2.048545e-04 1.022565e-02
198 7.764946e-05 1.081243e-02
199 7.044132e-05 1.539082e-02
200 1.867125e-04 1.951346e-02
201 8.318157e-06 5.177188e-03
202 3.189014e-05 1.535227e-02
203 2.847482e-05 1.335300e-02
204 8.950253e-06 7.121029e-03
205 3.765790e-06 5.172636e-03
206 2.768496e-05 1.272255e-02
207 3.685111e-06 8.217144e-03
208 1.793133e-06 7.179009e-03
209 1.166141e-05 7.517950e-03
210 3.765790e-06 5.172636e-03
211 2.885456e-05 1.308607e-02
212 5.324808e-04 3.223577e-02
213 8.916761e-05 2.773495e-02
214 2.187073e-04 7.826507e-03
215 8.400346e-05 2.098418e-02
216 2.952236e-05 2.337867e-02
217 2.887799e-05 1.475885e-02
218 4.319774e-04 3.062242e-02
219 1.550262e-04 2.234225e-02
220 3.856457e-06 8.633193e-03
221 8.942562e-05 3.337566e-02
222 4.473750e-04 6.815387e-02
223 7.606164e-05 2.369232e-02
224 6.359919e-06 8.371743e-03
225 1.857729e-06 6.002162e-03
226 8.181561e-07 5.569622e-03
227 5.376980e-06 6.425340e-03
228 3.923851e-05 2.341386e-02
229 3.364418e-05 1.748622e-02
230 2.459461e-04 3.215275e-02
231 7.113654e-04 1.330814e-01
232 1.812834e-03 1.662555e-01
233 4.064739e-05 1.532265e-02
234 1.372444e-05 7.262402e-03
235 1.114412e-04 3.728649e-02
236 1.553048e-05 1.151751e-02
237 1.114412e-04 3.728649e-02
238 1.372444e-05 7.262402e-03
239 5.766755e-06 6.385608e-03
240 5.766755e-06 6.385608e-03
241 3.762768e-05 1.518805e-02
242 1.253008e-05 7.417734e-03
243 4.435948e-05 1.103226e-02
244 2.147402e-06 4.915453e-03
245 4.231372e-05 3.304851e-02
246 2.618273e-04 3.793795e-02
247 1.114412e-04 3.728649e-02
248 1.110993e-04 2.078222e-02
249 3.809431e-05 1.167760e-02
250 1.372444e-05 7.262402e-03
251 1.372444e-05 7.262402e-03
252 4.824679e-05 1.878503e-02
253 1.806289e-05 8.901292e-03
254 1.521779e-05 7.495806e-03
255 3.617783e-05 1.015588e-02
256 2.115865e-06 6.209822e-03
257 1.114412e-04 3.728649e-02
258 3.796020e-03 1.932242e-01
259 5.220028e-04 9.913721e-02
260 1.496640e-06 1.214327e-02
261 1.687506e-04 3.003551e-02
262 4.219241e-06 1.429207e-02
263 1.076645e-04 8.282018e-02
264 4.249781e-05 5.473710e-02
265 8.708563e-05 5.204379e-02
266 9.704292e-05 3.487802e-02
267 1.177939e-03 4.602644e-02
268 7.954125e-06 6.336170e-03
269 1.423866e-04 2.407375e-02
270 2.042877e-06 2.401485e-02
271 6.721897e-06 1.103397e-02
272 1.935554e-05 1.226500e-02
273 1.311456e-05 2.058476e-02
274 3.654990e-05 2.267136e-02
275 4.640798e-06 2.425777e-02
276 3.071467e-06 1.123935e-02
277 1.490112e-04 2.208872e-02
278 4.460682e-06 2.689920e-02
279 1.861596e-04 3.114583e-02
280 1.311456e-05 2.058476e-02
281 2.480765e-05 1.653189e-02
282 5.640945e-05 8.083166e-03
283 1.441808e-06 1.224840e-02
284 9.402069e-06 1.441895e-02
285 3.904068e-03 2.449591e-01
286 3.755459e-05 3.619023e-02
287 1.006977e-04 1.257058e-01
288 7.200445e-05 2.646199e-02
289 9.297489e-05 5.044624e-02
290 1.022381e-04 5.531299e-02
291 1.046659e-04 3.559404e-02
292 6.257756e-04 5.322781e-02
293 7.578391e-04 9.104608e-02
294 8.127065e-05 2.514171e-02
295 6.106769e-03 2.519556e-01
296 7.141838e-03 3.336007e-01
297 6.203440e-03 3.662070e-01
298 1.879876e-04 1.709829e-01
299 8.907959e-05 9.981415e-02
300 1.531951e-04 3.621937e-02
301 1.357086e-03 2.969809e-01
302 1.624921e-04 8.597682e-02
303 1.808539e-05 8.671699e-03
304 2.044121e-05 9.389451e-03
305 7.459522e-06 8.387156e-03
306 8.004811e-06 1.603287e-02
307 2.041274e-05 1.733903e-02
308 8.419468e-06 1.701787e-02
309 1.897378e-05 9.542508e-03
310 5.026221e-07 1.044303e-02
311 8.419468e-06 1.701787e-02
312 1.154706e-06 7.781872e-03
313 2.936360e-06 6.343065e-03
314 7.825950e-06 9.243987e-03
315 3.176522e-06 1.967589e-02
316 1.407818e-04 4.526817e-02
317 4.530419e-08 3.217705e-03
318 1.256724e-07 3.171371e-03
319 8.361297e-06 1.866700e-02
320 1.339707e-04 2.991378e-02
321 1.394702e-06 1.483245e-02
322 3.160877e-04 1.633020e-02
323 3.204630e-03 1.687893e-01
324 3.726023e-04 2.039650e-02
325 2.504025e-05 1.097856e-02
326 1.007445e-04 2.994442e-02
327 1.706564e-03 8.416406e-02
328 1.860201e-03 1.178894e-01
329 1.936014e-03 8.870172e-02
330 3.544847e-03 2.177214e-01
331 1.176572e-02 2.899387e-01
332 4.183188e-03 1.009193e-01
333 2.377873e-04 3.572329e-02
334 2.341474e-04 4.568841e-02
335 2.637867e-04 3.291183e-02
336 1.664844e-03 4.528822e-02
337 4.814875e-03 2.634972e-01
338 5.141079e-03 1.859885e-01
339 4.409306e-04 1.418779e-02
340 6.903338e-07 4.473682e-03
341 1.312225e-06 3.754476e-03
342 7.330307e-05 9.719647e-03
343 4.408657e-04 1.133150e-02
344 2.108339e-03 7.767754e-02
345 6.014791e-07 3.201636e-03
346 1.090326e-04 2.804270e-02
347 4.009973e-05 4.526442e-02
348 3.910095e-05 1.393694e-02
349 1.823684e-03 4.929082e-02
350 3.779888e-05 2.933966e-02
351 1.535033e-05 1.547424e-02
352 4.584769e-06 6.299979e-03
353 3.660584e-05 1.177168e-02
354 3.849853e-06 6.350147e-03
355 2.645894e-05 5.244758e-03
356 5.413985e-07 3.196724e-03
357 2.089727e-04 1.748379e-02
358 4.399684e-04 1.750988e-02
359 9.929288e-05 1.096595e-02
360 1.386722e-05 9.587138e-03
361 2.054510e-04 1.306855e-02
362 3.623364e-05 2.009889e-02
363 1.535033e-05 1.547424e-02
364 4.584769e-06 6.299979e-03
365 4.874865e-04 2.822515e-02
366 1.294887e-03 4.844374e-02
367 7.870708e-05 2.429316e-02
368 1.823684e-03 4.929082e-02
369 6.402750e-04 2.608406e-02
370 2.376816e-05 4.231837e-02
371 8.943108e-06 1.960733e-02
372 2.878751e-03 2.057826e-01
373 5.041683e-03 1.290845e-01
374 1.276587e-02 4.520100e-01
375 3.490576e-04 3.470576e-02
376 9.026545e-04 4.654907e-02
377 6.012017e-04 3.320685e-02
378 2.760012e-04 3.508234e-02
379 4.856770e-06 2.102172e-02
380 2.357543e-05 6.656792e-03
381 1.521074e-05 1.010710e-02
382 2.621137e-03 9.630906e-02
383 1.134571e-06 8.372017e-03
384 2.343430e-05 1.271383e-02
385 3.779681e-04 1.213189e-01
386 2.330552e-04 1.814300e-01
387 3.855262e-03 1.019797e-01
388 8.951412e-04 1.269102e-01
389 3.299651e-03 3.389173e-01
390 6.589635e-03 2.262644e-01
391 5.502544e-04 9.114154e-02
392 4.066601e-03 2.547845e-01
393 2.534019e-04 8.174454e-02
394 2.900558e-04 1.134093e-01
395 2.822107e-04 1.226897e-01
396 8.821259e-06 1.010801e-02
397 6.947318e-06 5.555730e-03
398 1.901643e-04 2.909677e-02
399 1.112143e-05 1.119089e-02
400 2.696357e-05 1.139162e-02
401 1.061999e-05 9.886567e-03
402 3.979694e-06 9.199510e-03
403 1.112143e-05 1.119089e-02
404 2.998164e-05 1.444707e-02
405 2.236339e-05 1.142911e-02
406 2.568845e-05 1.707219e-02
407 4.461911e-06 9.715866e-03
408 2.444887e-05 1.309083e-02
409 3.522091e-03 3.545800e-01
410 9.583855e-06 7.721103e-03
411 4.461911e-06 9.715866e-03
412 2.153866e-04 1.707365e-02
413 2.005003e-05 7.817753e-03
414 1.072864e-05 1.036470e-02
415 2.894530e-05 1.033619e-02
416 3.464571e-06 6.834279e-03
417 3.464571e-06 6.834279e-03
418 1.346219e-03 1.649690e-01
419 1.123064e-04 8.883922e-02
420 6.033634e-06 3.632611e-02
421 1.342630e-04 1.861985e-02
422 1.655351e-04 2.672233e-02
423 1.153581e-06 6.338281e-03
424 6.352958e-05 3.679622e-02
425 2.338190e-05 9.554352e-03
426 1.120846e-03 9.831541e-02
427 3.665730e-04 4.285856e-02
428 1.061686e-05 8.878847e-03
429 1.485661e-06 8.332621e-03
430 1.485661e-06 8.332621e-03
431 1.746383e-06 8.673311e-03
432 1.153581e-06 6.338281e-03
433 7.240605e-05 1.878787e-02
434 3.536087e-06 8.402149e-03
435 9.982839e-06 1.157845e-02
436 1.755463e-04 2.009469e-02
437 7.240605e-05 1.878787e-02
438 3.572261e-06 8.828760e-03
439 4.054794e-04 3.763833e-02
440 2.537602e-06 2.838838e-02
441 4.797607e-07 6.178065e-03
442 8.640029e-03 4.697654e-01
443 4.462805e-03 1.224455e-01
444 1.093172e-02 5.161847e-01
445 1.985036e-03 8.645633e-02
446 1.127135e-06 4.353157e-03
447 5.933923e-05 8.911724e-03
448 1.038147e-06 3.818011e-03
449 6.464407e-06 3.270902e-03
450 5.707200e-06 5.300733e-03
451 3.544054e-04 2.264061e-02
452 5.265511e-05 1.408927e-02
453 1.354990e-04 1.921187e-02
454 5.071069e-05 7.468092e-03
455 5.390082e-05 9.148843e-03
456 4.095974e-07 3.631598e-03
457 9.661475e-07 3.547854e-03
458 8.090895e-06 4.771658e-03
459 4.659560e-04 7.525634e-02
460 1.657683e-04 4.157481e-02
461 5.767417e-05 1.407496e-02
462 6.464635e-05 3.582628e-02
463 6.999216e-05 1.107743e-02
464 8.028496e-06 4.863743e-03
465 9.001303e-06 5.008082e-03
466 3.338956e-06 4.743387e-03
467 2.508637e-05 6.555440e-03
468 2.346307e-05 7.667138e-03
469 3.338956e-06 4.743387e-03
470 2.976284e-06 4.751576e-03
471 2.253085e-05 8.055189e-03
472 2.164357e-05 5.332543e-03
473 3.048385e-06 4.747855e-03
474 9.154267e-06 7.296463e-03
475 5.361454e-05 1.573018e-02
476 7.074831e-04 2.089736e-02
477 1.463247e-04 1.873007e-02
478 7.519014e-04 4.165376e-02
479 7.364301e-04 2.219674e-02
480 1.211174e-03 6.841080e-02
481 3.191038e-03 1.045165e-01
482 1.789237e-05 6.417614e-03
483 3.952199e-05 6.439244e-03
484 1.593191e-05 5.767795e-03
485 1.070497e-04 8.452325e-03
486 7.088551e-06 5.212975e-03
487 1.057336e-03 7.911694e-02
488 4.493875e-04 5.090250e-02
489 5.634935e-03 2.912355e-01
490 4.043140e-05 8.563125e-03
491 9.478900e-04 2.417945e-02
492 1.481709e-05 6.833652e-03
493 2.828118e-04 1.473084e-02
494 1.552993e-03 4.454522e-02
495 2.258528e-04 1.320067e-02
496 2.700303e-06 5.257891e-03
497 1.047452e-04 1.126513e-02
498 4.814856e-05 1.501950e-02
499 5.377885e-04 4.983255e-02
500 6.596151e-06 7.125982e-03
