2 1.918512e-03 6.183941e-02
3 1.212531e-02 2.593379e-01
4 1.788348e-03 1.708720e-01
5 5.655833e-03 1.625177e-01
6 1.096146e-02 4.649892e-01
7 4.723348e-03 8.366938e-02
8 4.826181e-03 1.283638e-01
9 7.666311e-04 2.669205e-02
10 1.453004e-05 3.924400e-03
11 3.860345e-03 1.294092e-01
12 1.369270e-03 7.143796e-02
13 4.693510e-03 1.093331e-01
14 8.865257e-03 1.840969e-01
15 1.809065e-03 4.611807e-02
16 8.049383e-04 1.091431e-01
17 5.104861e-05 7.333615e-03
18 5.285068e-03 2.099066e-01
19 4.444486e-05 4.339604e-03
20 8.729296e-04 1.122691e-01
21 3.859113e-04 4.689168e-02
22 1.032238e-02 1.016118e-01
23 7.784403e-04 1.191576e-02
24 5.711021e-03 1.056063e-01
25 1.465114e-03 1.607042e-02
26 5.222044e-03 1.426251e-01
27 7.836282e-03 1.700488e-01
28 2.713029e-04 7.871702e-03
29 7.953945e-03 3.679368e-01
30 8.500642e-04 2.335350e-02
31 8.557958e-05 4.890212e-02
32 1.748208e-03 3.370840e-02
33 1.410154e-03 6.076369e-02
34 1.218139e-03 4.733700e-02
35 2.355531e-02 2.351228e-01
36 2.050624e-04 4.820327e-02
37 3.752673e-03 1.151212e-01
38 6.071288e-03 1.650174e-01
39 6.385032e-04 5.911326e-02
40 1.263562e-02 1.923387e-01
41 4.444276e-05 7.437096e-03
42 1.731213e-03 5.042278e-02
43 7.616083e-04 5.902080e-02
44 5.088365e-05 8.122312e-03
45 1.792935e-05 6.208766e-03
46 1.130446e-04 6.918013e-03
47 5.454450e-05 1.021833e-02
48 2.232623e-06 2.867598e-03
49 9.136444e-04 1.154245e-01
50 5.350565e-05 9.966552e-03
51 1.767486e-05 3.708242e-03
52 2.312041e-05 7.452094e-03
53 2.463037e-04 2.363151e-02
54 6.169547e-06 3.704356e-03
55 5.009615e-05 6.626048e-03
56 1.960144e-05 6.016394e-03
57 4.656634e-05 5.278728e-03
58 1.235768e-04 8.567034e-03
59 1.269791e-04 7.739850e-03
60 3.918058e-05 6.363922e-03
61 1.377351e-04 1.293595e-02
62 3.403662e-04 1.071106e-02
63 1.269791e-04 7.739850e-03
64 4.133753e-05 4.264876e-03
65 1.979469e-05 4.868051e-03
66 1.928862e-05 7.375965e-03
67 2.238002e-06 3.102392e-03
68 1.087011e-04 6.607942e-03
69 1.052955e-03 3.768520e-02
70 1.216849e-04 1.359978e-02
71 4.617741e-05 6.753570e-03
72 4.784151e-05 7.270997e-03
73 1.615202e-04 2.264253e-02
74 1.317603e-04 8.454214e-03
75 5.085179e-05 5.925441e-03
76 1.683337e-04 3.927658e-02
77 5.985021e-06 4.419420e-03
78 3.749554e-05 3.367685e-02
79 2.654834e-03 2.182046e-02
80 5.614011e-05 1.282170e-02
81 3.257653e-05 3.314793e-03
82 1.410155e-03 5.259535e-02
83 1.389260e-04 1.006229e-02
84 4.275702e-04 5.036606e-02
85 1.478875e-04 1.521979e-02
86 1.185607e-04 1.105541e-02
87 3.158349e-03 2.719539e-02
88 2.801077e-06 6.532402e-03
89 2.601430e-04 1.507985e-02
90 1.918650e-05 9.220079e-03
91 6.556304e-06 4.005523e-03
92 1.573961e-05 7.003524e-03
93 1.275624e-04 1.194033e-02
94 4.996857e-05 7.079008e-03
95 1.347296e-04 6.281383e-03
96 1.353740e-02 2.280388e-01
97 1.269089e-04 5.726271e-03
98 6.143338e-04 5.413352e-02
99 5.036012e-03 1.590885e-01
100 8.556354e-03 1.061341e-01
101 2.797283e-03 1.168982e-01
102 5.280531e-05 1.002577e-02
103 1.479438e-03 4.448945e-02
104 2.125373e-04 4.073798e-02
105 1.257880e-03 6.974302e-02
106 3.268174e-04 1.490056e-02
107 1.574118e-04 3.084994e-02
108 8.294018e-05 8.694979e-03
109 7.832810e-04 7.320737e-02
110 1.688590e-05 4.204744e-03
111 1.329176e-04 2.816173e-02
112 2.381616e-04 3.780368e-02
113 7.832810e-04 7.320737e-02
114 7.421509e-04 6.738586e-02
115 1.193564e-04 2.435132e-02
116 6.429126e-05 3.081650e-02
117 6.556304e-06 4.005523e-03
118 1.969679e-05 6.391500e-03
119 6.389482e-03 2.010176e-01
120 1.594984e-04 3.879190e-02
121 1.827223e-05 4.323748e-03
122 1.987027e-05 7.681829e-03
123 2.701275e-03 6.760753e-02
124 1.260592e-03 4.279643e-02
125 3.746799e-04 2.746281e-02
126 1.298736e-04 6.231755e-03
127 2.099515e-05 8.486406e-03
128 4.083655e-03 1.802841e-01
129 4.096720e-04 2.675946e-02
130 7.229213e-06 3.977384e-03
131 1.251276e-03 8.992675e-02
132 4.220547e-05 5.325480e-03
133 9.842517e-03 2.443425e-01
134 3.931496e-04 1.706803e-02
135 1.257007e-04 7.809481e-03
136 1.948795e-05 8.164406e-03
137 6.492299e-06 5.162286e-03
138 2.988615e-05 1.192708e-02
139 3.914763e-05 5.197072e-03
140 1.823487e-05 1.237313e-02
141 2.824233e-04 1.857755e-02
142 2.387265e-03 3.431254e-02
143 1.827223e-05 4.323748e-03
144 5.488292e-06 3.928576e-03
145 1.101257e-04 1.360752e-02
146 2.711306e-04 1.177555e-02
147 2.851960e-03 8.064778e-02
148 6.108196e-06 3.559670e-03
149 4.053033e-04 1.079947e-02
150 5.133816e-06 2.942395e-03
151 5.595322e-07 1.015398e-02
152 6.002813e-05 1.231579e-02
153 2.917558e-04 8.817545e-03
154 3.272928e-04 1.912265e-02
155 3.912378e-05 4.007722e-03
156 1.285262e-03 5.845821e-02
157 3.375738e-05 3.877892e-03
158 1.968744e-05 9.663421e-03
159 1.442199e-05 5.385741e-03
160 1.126846e-04 1.245185e-02
161 1.401894e-04 7.304085e-03
162 3.489617e-04 1.840740e-02
163 9.332745e-04 2.312583e-02
164 9.017125e-04 1.248442e-02
165 1.575747e-04 9.158008e-03
166 1.923065e-05 4.324354e-03
167 6.493154e-06 3.908008e-03
168 3.832679e-04 1.702010e-02
169 1.007958e-03 1.945414e-02
170 1.025563e-03 1.822468e-02
171 1.769056e-04 3.038973e-02
172 2.784577e-04 1.286177e-02
173 1.907527e-06 3.281764e-03
174 3.559415e-05 3.587009e-03
175 2.639782e-06 3.527067e-03
176 2.960434e-03 4.644454e-02
177 2.269100e-04 7.656136e-03
178 6.235944e-04 1.123109e-02
179 2.245390e-04 5.220399e-03
180 1.970587e-05 4.270893e-03
181 5.557245e-04 7.631951e-02
182 2.029960e-04 7.773273e-03
183 5.269152e-05 1.035848e-02
184 2.474063e-03 9.878499e-02
185 5.734556e-05 1.080988e-02
186 5.522518e-05 1.255813e-02
187 7.226557e-03 1.191386e-01
188 3.805926e-04 5.713149e-03
189 5.225238e-06 3.287772e-03
190 1.306399e-04 1.195913e-02
191 4.163263e-04 2.208864e-02
192 9.850182e-04 1.048114e-02
193 5.609000e-04 4.395198e-02
194 9.850182e-04 1.048114e-02
195 2.220771e-03 2.673909e-02
196 1.697045e-05 6.547187e-03
197 1.554342e-03 1.012128e-01
198 3.270417e-04 5.208524e-03
199 6.082880e-03 3.155677e-02
200 2.437093e-03 3.178863e-02
201 4.184930e-05 5.071864e-03
202 4.215682e-04 3.783916e-02
203 7.152420e-04 1.071604e-01
204 2.848460e-05 3.396157e-03
205 1.548585e-03 9.926672e-02
206 3.990581e-07 8.522594e-03
207 2.218905e-03 1.590111e-01
208 1.119021e-04 6.595286e-02
209 9.870603e-04 8.968847e-02
210 1.171411e-03 6.170645e-02
211 1.586099e-04 1.357340e-02
212 8.792223e-04 2.813572e-02
213 1.538280e-04 1.148934e-02
214 1.446157e-04 2.962056e-02
215 6.859369e-06 4.030280e-03
216 2.003108e-05 5.802176e-03
217 1.227108e-04 3.176937e-02
218 2.436035e-05 1.283986e-02
219 1.213688e-04 5.414229e-03
220 1.261271e-04 2.440954e-02
221 3.403091e-04 2.558472e-02
222 1.809055e-03 4.645800e-02
223 4.021369e-04 1.088216e-02
224 5.346265e-06 3.012289e-03
225 3.496939e-04 2.835459e-02
226 6.263936e-06 3.722777e-03
227 3.496939e-04 2.835459e-02
228 1.241254e-04 1.370103e-02
229 6.315820e-03 8.940878e-02
230 3.208558e-03 1.436191e-01
231 6.103230e-05 1.322773e-02
232 2.323868e-03 5.093607e-02
233 8.589438e-05 2.091836e-02
234 1.309203e-04 1.436895e-02
235 1.125019e-04 1.272545e-02
236 8.178383e-04 1.028285e-01
237 6.304231e-06 3.594674e-03
238 3.639684e-04 1.187019e-02
239 3.219613e-04 1.075082e-02
240 1.374265e-03 2.864999e-02
241 2.279100e-03 1.032470e-01
242 3.813298e-04 1.084876e-02
243 4.295734e-05 5.988766e-03
244 4.752210e-05 4.114653e-03
245 1.184571e-04 1.107540e-02
246 5.714322e-05 1.255337e-02
247 9.915482e-05 6.392053e-03
248 8.199026e-05 2.546654e-02
249 4.216282e-04 5.499111e-02
250 2.410594e-04 4.794866e-02
251 1.752363e-05 4.842807e-03
252 1.395171e-02 2.379241e-01
253 3.742795e-04 1.934705e-02
254 1.393149e-04 8.583818e-03
255 1.512440e-04 1.289490e-02
256 5.519367e-06 3.177914e-03
257 2.078821e-04 2.653753e-02
258 4.193076e-04 2.425444e-02
259 4.555350e-05 4.251794e-03
260 5.224610e-05 9.383195e-03
261 5.173104e-05 9.955531e-03
262 9.174726e-07 3.452710e-03
263 3.426254e-04 1.361246e-02
264 1.829374e-03 2.564551e-02
265 4.212826e-05 1.028414e-02
266 1.270960e-04 6.666018e-03
267 1.206758e-04 9.858773e-03
268 6.176511e-06 4.153521e-03
269 1.736690e-04 7.629473e-03
270 5.710873e-06 4.694118e-03
271 2.912541e-03 3.329040e-02
272 4.531906e-05 9.711130e-03
273 1.967880e-04 1.330007e-02
274 1.076816e-04 7.270991e-03
275 1.330744e-05 5.748127e-03
276 1.590144e-06 2.808686e-03
277 7.846251e-06 1.837241e-02
278 5.940218e-05 1.382905e-02
279 1.753726e-05 4.763946e-03
280 6.010765e-03 7.410514e-02
281 9.801640e-04 1.997178e-02
282 3.837219e-05 4.386111e-03
283 1.039380e-03 6.090300e-02
284 5.312644e-05 1.309375e-02
285 3.454557e-04 1.383967e-02
286 2.048718e-05 7.843612e-03
287 8.753452e-05 5.726837e-03
288 1.309806e-04 9.631414e-03
289 2.313276e-06 7.016968e-03
290 1.567771e-04 1.163608e-02
291 1.032721e-03 3.184968e-02
292 8.539016e-04 3.486256e-02
293 1.262544e-05 3.903763e-03
294 4.040200e-05 8.662192e-03
295 9.628327e-05 8.451271e-03
296 3.989871e-04 3.902505e-02
297 5.249862e-05 8.058365e-03
298 1.424822e-05 3.868996e-03
299 3.942109e-05 6.196564e-03
300 1.048220e-04 7.678124e-03
301 5.055388e-03 1.716726e-01
302 1.161449e-04 5.323541e-03
303 2.421838e-03 8.827416e-02
304 4.025122e-05 3.536142e-03
305 1.244985e-04 1.188912e-02
306 1.426775e-05 5.207894e-03
307 1.356454e-04 1.927368e-02
308 1.925007e-03 3.436514e-02
309 2.190159e-03 3.917803e-02
310 1.085141e-03 3.732340e-02
311 2.908131e-04 1.020383e-02
312 1.176665e-03 4.968144e-02
313 1.032686e-03 2.762295e-02
314 1.941583e-05 3.762515e-03
315 6.696564e-04 3.112718e-02
316 4.808566e-03 2.171248e-01
317 2.266491e-03 5.139418e-02
318 3.261277e-03 1.002946e-01
319 7.872561e-04 3.876224e-02
320 1.171967e-04 5.693525e-03
321 2.025988e-05 1.099143e-02
322 5.102517e-06 7.583885e-03
323 6.855825e-03 3.754135e-01
324 3.956477e-05 5.150185e-03
325 8.224590e-05 6.926291e-03
326 1.648838e-05 6.084449e-03
327 1.249703e-04 6.984260e-03
328 8.680196e-04 1.800024e-02
329 6.637970e-03 9.993114e-02
330 5.674837e-07 2.845526e-03
331 7.030914e-04 6.522518e-02
332 1.086340e-04 8.303375e-03
333 3.027821e-04 7.769357e-03
334 2.277151e-05 9.168880e-03
335 9.993825e-05 1.104764e-02
336 1.416542e-04 1.005365e-02
337 1.859520e-05 3.901918e-03
338 2.811520e-04 1.583093e-02
339 2.821931e-04 1.003978e-02
340 6.787842e-04 7.246567e-02
341 3.912520e-04 5.237814e-02
342 1.337066e-04 2.412685e-02
343 1.780169e-05 4.666015e-03
344 1.126708e-03 6.905681e-02
345 8.914624e-04 6.668182e-02
346 1.579002e-02 6.344753e-02
347 7.356994e-06 3.632469e-03
348 1.626794e-04 2.926036e-02
349 1.316172e-04 8.120029e-03
350 1.754605e-05 5.617042e-03
351 2.488315e-02 2.158269e-01
352 3.204623e-04 1.316116e-02
353 7.377590e-06 3.554175e-03
354 3.432601e-03 5.488705e-02
355 1.743036e-04 3.688505e-02
356 1.387218e-04 6.228305e-03
357 9.841234e-04 2.937017e-02
358 1.961518e-05 6.701824e-03
359 7.946796e-07 5.720719e-03
360 6.390733e-06 3.679603e-03
361 3.946693e-05 1.079126e-02
362 2.603008e-04 8.218685e-02
363 3.545980e-03 8.692193e-02
364 1.354734e-03 8.676682e-02
365 4.832670e-04 8.503498e-02
366 1.823543e-05 8.491832e-03
367 1.744318e-05 7.379113e-03
368 6.082158e-03 6.650627e-02
369 1.972199e-05 7.261750e-03
370 1.943264e-03 3.683095e-02
371 1.289652e-04 1.035535e-02
372 8.520113e-03 2.856821e-01
373 7.896412e-05 4.709547e-03
374 4.017764e-05 8.591639e-03
375 1.932235e-05 4.453907e-03
376 7.224371e-05 1.152277e-02
377 1.051693e-03 1.704298e-02
378 1.129841e-04 9.345528e-03
379 8.140948e-04 1.251307e-02
380 2.918042e-03 7.208205e-02
381 4.477241e-04 4.441844e-02
382 5.958972e-05 5.216000e-03
383 4.361593e-04 1.668727e-02
384 1.250107e-04 5.531245e-03
385 1.326409e-04 1.351168e-02
386 1.691511e-05 4.876411e-03
387 7.787929e-04 2.607187e-02
388 1.355894e-04 3.338957e-02
389 3.897120e-04 8.003413e-03
390 7.408271e-06 5.083542e-03
391 4.208890e-04 1.589798e-02
392 2.389290e-03 1.143433e-01
393 4.485322e-06 3.284020e-03
394 2.891424e-03 7.819397e-02
395 1.531896e-04 1.114980e-02
396 9.532793e-05 1.682478e-02
397 3.427873e-04 9.402004e-03
398 5.981922e-06 5.367962e-03
399 1.724001e-05 5.085228e-03
400 1.595195e-04 1.560081e-02
401 1.702568e-05 4.276038e-03
402 2.125149e-04 2.421638e-02
403 2.452650e-04 3.460571e-02
404 1.690296e-04 1.506564e-02
405 4.535958e-05 5.921790e-03
406 2.760610e-04 7.953179e-03
407 4.125932e-04 2.823944e-02
408 1.457451e-03 1.290487e-01
409 3.391026e-04 2.686617e-02
410 3.277101e-04 8.468557e-03
411 3.337167e-04 1.673125e-02
412 1.458103e-04 1.274018e-02
413 2.997267e-04 1.959188e-02
414 1.024712e-05 1.291919e-02
415 1.700392e-05 3.940040e-03
416 1.224921e-03 5.185525e-02
417 1.864726e-05 3.704025e-03
418 3.427741e-04 2.732724e-02
419 1.275383e-03 8.111158e-02
420 8.469407e-06 6.804286e-03
421 2.009263e-05 1.938158e-02
422 3.340235e-03 6.081921e-02
423 5.143744e-05 4.684438e-03
424 1.270960e-04 6.666018e-03
425 9.107730e-05 3.082419e-02
426 4.420473e-05 1.017779e-02
427 5.913571e-04 9.237097e-02
428 1.429322e-04 2.125162e-02
429 4.464651e-04 1.893855e-02
430 5.504805e-05 6.593766e-03
431 5.362370e-06 3.005002e-03
432 4.207792e-05 6.866932e-03
433 2.639782e-06 3.527067e-03
434 9.923113e-04 8.456082e-03
435 8.408146e-04 2.896741e-02
436 1.077251e-05 3.493858e-03
437 1.436804e-03 5.941582e-02
438 2.158837e-06 3.467082e-03
439 1.688590e-05 4.204744e-03
440 1.304521e-04 9.122554e-03
441 1.838087e-04 2.811611e-02
442 4.903723e-05 5.797222e-03
443 4.434860e-05 6.337829e-03
444 4.391560e-04 1.165165e-02
445 4.216473e-04 2.285448e-02
446 2.223287e-04 4.890894e-03
447 1.752363e-05 4.842807e-03
448 1.059586e-03 3.372488e-02
449 3.241442e-05 3.610342e-03
450 1.309203e-04 1.436895e-02
451 5.246742e-06 4.912942e-03
452 4.632025e-03 1.875035e-01
453 2.904978e-04 2.163170e-02
454 1.054266e-03 3.481267e-02
455 2.086647e-05 1.393388e-02
456 4.829322e-03 9.728122e-02
457 3.266711e-04 1.784066e-02
458 8.136522e-04 4.829634e-02
459 3.349282e-04 1.491447e-01
460 8.212728e-04 1.534331e-02
461 1.216280e-04 6.831253e-03
462 2.760940e-06 6.084666e-03
463 1.164204e-04 9.463040e-03
464 1.862828e-04 3.317640e-02
465 1.299363e-04 1.343112e-02
466 5.163182e-05 1.203991e-02
467 5.342791e-05 2.181040e-02
468 5.299348e-06 3.284355e-03
469 5.175616e-04 7.225208e-03
470 1.849261e-04 1.615838e-02
471 1.470512e-04 5.714465e-03
472 3.925975e-04 5.960012e-03
473 1.000429e-03 2.516185e-02
474 2.413181e-05 7.960190e-03
475 9.499119e-05 4.049964e-03
476 1.702568e-05 4.276038e-03
477 6.956406e-05 1.620864e-02
478 2.284596e-05 4.250839e-03
479 8.343048e-06 8.868535e-03
480 1.850754e-05 8.445648e-03
481 1.009206e-04 5.228338e-03
482 1.233869e-04 5.050242e-03
483 3.683801e-05 5.820432e-03
484 1.754605e-05 5.617042e-03
485 7.851211e-04 1.473207e-02
486 4.293199e-05 6.251836e-03
487 3.553215e-04 4.506625e-02
488 5.362144e-04 3.174728e-02
489 1.879512e-03 4.949344e-02
490 8.102534e-05 2.681158e-02
491 3.852530e-04 2.391115e-02
492 1.055903e-03 2.647949e-02
493 1.864726e-05 3.704025e-03
494 4.405489e-03 9.444844e-02
495 1.251631e-04 1.344774e-02
496 9.908574e-06 1.063551e-02
497 1.047002e-03 5.738889e-02
498 1.589257e-05 6.889032e-03
499 2.042622e-05 8.203482e-03
500 1.678775e-05 8.444569e-03
501 4.072287e-04 3.405151e-02
