1 2.277430e-04 7.592175e-02
2 9.474253e-07 9.773133e-02
3 1.057128e-03 7.085741e-02
4 4.763552e-05 2.197867e-02
5 1.862212e-07 4.123802e-03
6 8.878750e-03 4.091062e-01
7 1.254419e-02 6.978169e-01
8 1.906043e-04 7.045473e-02
9 1.374330e-07 3.203180e-03
10 5.641714e-03 3.924322e-01
11 3.807106e-07 9.369118e-03
12 2.120619e-04 3.440120e-02
13 5.299716e-03 2.605960e-01
14 1.258455e-07 5.690069e-03
15 2.806911e-03 8.883771e-02
16 3.094471e-04 2.282075e-01
17 9.845658e-09 7.217000e-03
18 1.173871e-05 1.921562e-02
19 2.372759e-04 7.772238e-02
20 1.678245e-09 5.073515e-03
21 5.179351e-03 7.454532e-01
22 1.243210e-03 1.069037e-01
23 2.001867e-07 5.906846e-03
24 1.970717e-04 5.178871e-02
25 2.195871e-04 4.849885e-02
26 3.299909e-03 1.353549e-01
27 2.066271e-04 2.766581e-02
28 3.550265e-07 4.299347e-03
29 1.520563e-03 3.640351e-01
30 1.363204e-02 1.052933e+00
31 6.856377e-05 3.644789e-02
32 7.205658e-04 4.341198e-02
33 1.032491e-06 3.212877e-03
34 2.406865e-09 2.780113e-03
35 5.562485e-05 2.509630e-02
36 1.085536e-03 3.857157e-01
37 4.576668e-06 6.766330e-02
38 1.339946e-06 2.249230e-02
39 8.625548e-08 2.841810e-03
40 3.502386e-05 1.410843e-02
41 4.688180e-03 1.675531e-01
42 8.574161e-07 2.018433e-02
43 7.774306e-03 2.083457e-01
44 1.863313e-04 5.652828e-02
45 5.973281e-04 3.743837e-02
46 4.199499e-05 1.042940e-02
47 3.421613e-03 1.808699e-01
48 7.283068e-07 3.287477e-03
49 4.742974e-04 5.584525e-02
50 1.069450e-02 4.195002e-01
51 1.025061e-03 7.870910e-02
52 3.502680e-04 1.414148e-02
53 3.479410e-05 6.065484e-03
54 3.731507e-06 1.906038e-02
55 2.134473e-06 3.767518e-03
56 1.118590e-02 5.310252e-01
57 7.963772e-05 3.197903e-02
58 1.011520e-05 2.090800e-02
59 5.700573e-05 3.943860e-02
60 2.385209e-05 1.952082e-02
61 1.083517e-02 6.333735e-01
62 1.337510e-03 8.851949e-02
63 1.625186e-07 3.970302e-03
64 3.913886e-06 3.453124e-03
65 1.667622e-03 1.808919e-01
66 4.861484e-08 2.862584e-03
67 9.729455e-07 8.848150e-03
68 4.424642e-08 4.155001e-03
69 2.784382e-06 6.811592e-03
70 4.120016e-07 1.085903e-02
71 5.929268e-03 9.065317e-02
72 7.295701e-06 5.290524e-03
73 1.263594e-06 3.146239e-03
74 4.936044e-04 1.083382e-01
75 1.727219e-07 4.008882e-03
76 2.302487e-05 4.177434e-03
77 1.763341e-07 4.438549e-03
78 4.087047e-03 2.255434e-01
79 2.395067e-02 4.201736e-01
80 2.737589e-07 9.114887e-03
81 5.158721e-08 2.817296e-03
82 2.701426e-05 1.048159e-02
83 2.708718e-05 4.919891e-03
84 7.351732e-05 2.549459e-02
85 5.880009e-03 3.972861e-01
86 1.507744e-04 4.313698e-02
87 4.830077e-07 4.126267e-03
88 1.053249e-05 1.084277e-02
89 1.671521e-04 1.886946e-01
90 5.124909e-05 1.858337e-02
91 6.510333e-05 2.873891e-02
92 1.635638e-02 1.040766e+00
93 2.073878e-03 1.359977e-01
94 4.026900e-06 4.739399e-03
95 1.059850e-03 9.658394e-02
96 6.548336e-07 4.111471e-03
97 2.254778e-06 8.514000e-03
98 7.760421e-07 7.346130e-03
99 8.594512e-04 5.277137e-02
100 6.227550e-03 6.459744e-01
101 5.373059e-07 5.893732e-03
102 5.730125e-07 5.621356e-03
103 3.880288e-05 1.037047e-01
104 6.703515e-05 1.430065e-02
105 1.673550e-03 1.078623e-01
106 1.308617e-06 6.660695e-03
107 1.782512e-07 4.344463e-03
108 2.660640e-08 4.346710e-03
109 4.657873e-07 3.459604e-03
110 1.429330e-05 1.276844e-02
111 4.221887e-06 2.515365e-02
112 1.772743e-04 3.162660e-02
113 1.314321e-03 1.891867e-01
114 2.626774e-03 3.534686e-01
115 1.089011e-02 3.982187e-01
116 2.169572e-03 3.115516e-01
117 1.070832e-04 7.439757e-02
118 1.446994e-02 8.936008e-01
119 4.177608e-05 9.166608e-03
120 3.450756e-05 1.557405e-02
121 2.140587e-04 4.600726e-02
122 1.119333e-04 6.057545e-02
123 1.314543e-05 5.360034e-03
124 6.563105e-04 3.255885e-02
125 4.051174e-05 1.074840e-02
126 1.118381e-04 1.236747e-02
127 5.153907e-05 1.529495e-02
128 1.127484e-04 3.703070e-02
129 1.123925e-04 1.212440e-02
130 3.426526e-05 8.406783e-03
131 4.699701e-05 1.218024e-02
132 3.434804e-03 1.740300e-01
133 3.283934e-04 3.284600e-02
134 1.663212e-03 1.181088e-01
135 1.609648e-05 8.740801e-03
136 2.552976e-04 1.368176e-02
137 1.554555e-03 1.318487e-01
138 1.569746e-05 1.192964e-02
139 1.538783e-05 1.305604e-02
140 5.807308e-06 6.692228e-03
141 2.196856e-06 6.644081e-03
142 2.899839e-05 7.201184e-03
143 1.422915e-05 6.075857e-03
144 4.892671e-05 1.422377e-02
145 7.598781e-06 9.422434e-03
146 2.432482e-07 2.919333e-03
147 3.320478e-06 1.005264e-02
148 2.016074e-06 6.115562e-03
149 1.220329e-05 4.969368e-03
150 2.940803e-07 6.480436e-03
151 8.540183e-07 3.790471e-03
152 8.993382e-07 5.732821e-03
153 3.588731e-05 1.355839e-02
154 4.742000e-06 4.957829e-03
155 8.219229e-07 6.102645e-03
156 4.238780e-05 1.415769e-02
157 5.795990e-06 5.591583e-03
158 3.634879e-04 4.865426e-02
159 3.293058e-04 2.073782e-02
160 4.439904e-05 1.096570e-02
161 8.001252e-04 2.123088e-02
162 4.830157e-05 6.964322e-03
163 1.639084e-05 6.107400e-03
164 4.334611e-05 6.453576e-03
165 1.658709e-05 6.087920e-03
166 4.173718e-05 6.248173e-03
167 2.686311e-04 9.160815e-03
168 6.509420e-04 1.196274e-02
169 8.055505e-04 4.160227e-02
170 1.167290e-04 9.290541e-03
171 2.263723e-04 8.476377e-03
172 2.706201e-04 7.596835e-03
173 2.212286e-03 3.328481e-02
174 8.110812e-03 1.094611e-01
175 4.234650e-04 1.752804e-02
176 3.634121e-04 1.267787e-02
177 3.634121e-04 1.267787e-02
178 1.795264e-05 4.905776e-03
179 4.791202e-04 2.757120e-02
180 4.061699e-04 1.973170e-02
181 2.935781e-03 8.593946e-02
182 5.385141e-04 4.898888e-02
183 1.278423e-04 1.106619e-02
184 2.902850e-03 7.429178e-02
185 8.631851e-03 1.370040e-01
186 4.086262e-04 3.822972e-02
187 5.739035e-05 1.275928e-02
188 4.231073e-04 2.789625e-02
189 1.758243e-04 1.562337e-02
190 1.054768e-03 4.046335e-02
191 1.576994e-03 5.580687e-02
192 3.421601e-05 1.385613e-02
193 4.327237e-04 4.144889e-02
194 2.374024e-05 8.848469e-03
195 4.706848e-04 1.690528e-02
196 2.002880e-04 1.723951e-02
197 1.170054e-03 1.664055e-02
198 1.782645e-04 1.192771e-02
199 1.623391e-04 1.648045e-02
200 2.035535e-04 2.061771e-02
201 4.485198e-05 5.393783e-03
202 1.168143e-05 1.550328e-02
203 7.811221e-05 1.377675e-02
204 4.826028e-05 7.354082e-03
205 2.030536e-05 5.270692e-03
206 7.594548e-05 1.313454e-02
207 3.396590e-06 8.261052e-03
208 1.954868e-06 7.189614e-03
209 9.994232e-06 7.600094e-03
210 8.678643e-06 5.230887e-03
211 7.915393e-05 1.351547e-02
212 7.378442e-03 6.238665e-02
213 3.266230e-05 2.815718e-02
214 8.011296e-05 8.862143e-03
215 7.693784e-05 2.150059e-02
216 3.218520e-05 2.355327e-02
217 6.188261e-05 1.505769e-02
218 5.985794e-03 5.508246e-02
219 1.419868e-04 2.329527e-02
220 3.532086e-06 8.656901e-03
221 8.190395e-05 3.392541e-02
222 4.097458e-04 7.090410e-02
223 6.593000e-05 2.436932e-02
224 1.565672e-05 8.514409e-03
225 4.573320e-06 6.043835e-03
226 7.909767e-07 5.578910e-03
227 1.323694e-05 6.545957e-03
228 9.659659e-05 2.429406e-02
229 8.282459e-05 1.824092e-02
230 6.054652e-04 3.766983e-02
231 1.751226e-03 1.490388e-01
232 4.462801e-03 2.069212e-01
233 3.929707e-05 1.578410e-02
234 1.326851e-05 7.418207e-03
235 1.077390e-04 3.855161e-02
236 1.501455e-05 1.169382e-02
237 1.077390e-04 3.855161e-02
238 1.326851e-05 7.418207e-03
239 5.575181e-06 6.451074e-03
240 5.575181e-06 6.451074e-03
241 3.637768e-05 1.561522e-02
242 1.211382e-05 7.559980e-03
243 4.288584e-05 1.153585e-02
244 2.076065e-06 4.939831e-03
245 4.090805e-05 3.352887e-02
246 2.531293e-04 4.091031e-02
247 1.077390e-04 3.855161e-02
248 1.074086e-04 2.204346e-02
249 3.682880e-05 1.211006e-02
250 1.326851e-05 7.418207e-03
251 1.326851e-05 7.418207e-03
252 4.664401e-05 1.933275e-02
253 1.746284e-05 9.106348e-03
254 1.471225e-05 7.668564e-03
255 3.497599e-05 1.056658e-02
256 2.045575e-06 6.233842e-03
257 1.077390e-04 3.855161e-02
258 3.706181e-03 2.497026e-01
259 5.096488e-04 1.069037e-01
260 1.461219e-06 1.216554e-02
261 6.622311e-05 3.134445e-02
262 4.119387e-06 1.435484e-02
263 1.051164e-04 8.442205e-02
264 4.149204e-05 5.536940e-02
265 8.502462e-05 5.333948e-02
266 2.369001e-04 3.668714e-02
267 1.150062e-03 6.355220e-02
268 7.765879e-06 6.454514e-03
269 1.390168e-04 2.619222e-02
270 1.994529e-06 2.404524e-02
271 6.562814e-06 1.113398e-02
272 1.889746e-05 1.255298e-02
273 3.201513e-05 2.082925e-02
274 8.922523e-05 2.335274e-02
275 4.530967e-06 2.432682e-02
276 2.998776e-06 1.128505e-02
277 1.454847e-04 2.430576e-02
278 1.750514e-06 2.693380e-02
279 1.817538e-04 3.391557e-02
280 3.201513e-05 2.082925e-02
281 2.422054e-05 1.690099e-02
282 5.507444e-05 8.922444e-03
283 1.407685e-06 1.226985e-02
284 9.179555e-06 1.455883e-02
285 3.811673e-03 3.030451e-01
286 3.666581e-05 3.674898e-02
287 2.926059e-04 1.275204e-01
288 7.030036e-05 2.753329e-02
289 9.122906e-05 5.130808e-02
290 2.495825e-04 5.721896e-02
291 2.555092e-04 3.754527e-02
292 1.527637e-03 6.489378e-02
293 1.850029e-03 1.051740e-01
294 1.983970e-04 2.665679e-02
295 6.450769e-03 3.387957e-01
296 7.544145e-03 4.351598e-01
297 6.768694e-03 4.426840e-01
298 7.981698e-05 1.723913e-01
299 2.174601e-04 1.014748e-01
300 1.740892e-04 3.737306e-02
301 3.312905e-03 3.222802e-01
302 6.204313e-05 8.700084e-02
303 1.774579e-05 8.839344e-03
304 2.005738e-05 9.578933e-03
305 7.319452e-06 8.456303e-03
306 3.056416e-06 1.608331e-02
307 4.983137e-05 1.771957e-02
308 2.055351e-05 1.717483e-02
309 1.861750e-05 9.718387e-03
310 1.919123e-07 1.044620e-02
311 8.261372e-06 1.709591e-02
312 2.818855e-06 7.803398e-03
313 7.300109e-06 6.431225e-03
314 7.678999e-06 9.316531e-03
315 7.754492e-06 1.973511e-02
316 1.381383e-04 4.657316e-02
317 1.721196e-08 3.218149e-03
318 4.931788e-08 3.172346e-03
319 8.204294e-06 1.874451e-02
320 9.733675e-04 3.346391e-02
321 5.325284e-07 1.484123e-02
322 9.787788e-04 2.141646e-02
323 1.425052e-03 1.908479e-01
324 2.663552e-05 2.151362e-02
325 2.429334e-05 1.116408e-02
326 3.909010e-05 3.054012e-02
327 6.251182e-04 9.224509e-02
328 1.804714e-03 1.316713e-01
329 1.878265e-03 1.030453e-01
330 1.375443e-03 2.386818e-01
331 1.077609e-02 3.622682e-01
332 3.831336e-03 1.266353e-01
333 5.596773e-04 3.850726e-02
334 2.144531e-04 4.712783e-02
335 9.662568e-05 3.416093e-02
336 1.524812e-03 5.552283e-02
337 4.409891e-03 2.930966e-01
338 4.708658e-03 2.175932e-01
339 4.197929e-04 1.857372e-02
340 1.643339e-06 4.483083e-03
341 1.281169e-06 3.774000e-03
342 1.744979e-04 1.071785e-02
343 1.049480e-03 1.733500e-02
344 2.007268e-03 9.864919e-02
345 2.360396e-07 3.206301e-03
346 1.038057e-04 2.912725e-02
347 1.573641e-05 4.557546e-02
348 9.545282e-05 1.466588e-02
349 1.789440e-03 6.619564e-02
350 1.483349e-05 2.963285e-02
351 1.461445e-05 1.562693e-02
352 1.799210e-06 6.335542e-03
353 1.436530e-05 1.205562e-02
354 3.758741e-06 6.407427e-03
355 1.038333e-05 5.449990e-03
356 5.285856e-07 3.204779e-03
357 5.101419e-04 2.137954e-02
358 1.074046e-03 2.571196e-02
359 2.423927e-04 1.281701e-02
360 3.385251e-05 9.845657e-03
361 5.015448e-04 1.689865e-02
362 1.421924e-05 2.037994e-02
363 1.461445e-05 1.562693e-02
364 1.799210e-06 6.335542e-03
365 1.190047e-03 3.731308e-02
366 3.161064e-03 7.258357e-02
367 7.684436e-05 2.546419e-02
368 1.789440e-03 6.619564e-02
369 1.563032e-03 3.802034e-02
370 2.320565e-05 4.267200e-02
371 1.608633e-06 1.967479e-02
372 9.348498e-03 2.559926e-01
373 9.068679e-04 1.671193e-01
374 6.451769e-03 5.434228e-01
375 3.407967e-04 3.989915e-02
376 1.275391e-03 6.392859e-02
377 8.494583e-04 4.478226e-02
378 9.460920e-04 4.264685e-02
379 4.571864e-06 2.106095e-02
380 1.481206e-04 7.436162e-03
381 5.571727e-06 1.017913e-02
382 1.594312e-02 1.957656e-01
383 4.155960e-07 8.377389e-03
384 8.627022e-06 1.278828e-02
385 3.525467e-04 1.246954e-01
386 2.173803e-04 1.835119e-01
387 3.595964e-03 1.364197e-01
388 8.250572e-04 1.375759e-01
389 1.222438e-03 3.605814e-01
390 1.592913e-02 3.256336e-01
391 1.330130e-03 9.943918e-02
392 3.945300e-03 2.849132e-01
393 2.320880e-04 8.330232e-02
394 6.827010e-04 1.168052e-01
395 6.642362e-04 1.259938e-01
396 3.947599e-06 1.023459e-02
397 6.782900e-06 5.659095e-03
398 1.865935e-04 3.085952e-02
399 1.091260e-05 1.129398e-02
400 2.645726e-05 1.164156e-02
401 4.167625e-06 9.968943e-03
402 1.561759e-06 9.230379e-03
403 4.364404e-06 1.127716e-02
404 2.941866e-05 1.472499e-02
405 2.183413e-05 1.176184e-02
406 2.520608e-05 1.731031e-02
407 1.750996e-06 9.750476e-03
408 9.594517e-06 1.328047e-02
409 4.714524e-03 3.927801e-01
410 3.761010e-06 7.795442e-03
411 1.750996e-06 9.750476e-03
412 1.230209e-03 2.381835e-02
413 7.868271e-06 7.973274e-03
414 9.850711e-06 1.048082e-02
415 2.657671e-05 1.064947e-02
416 3.181066e-06 6.871777e-03
417 3.181066e-06 6.871777e-03
418 6.024458e-04 1.842866e-01
419 1.256638e-04 9.078439e-02
420 6.317426e-06 3.645444e-02
421 6.038487e-05 1.979305e-02
422 6.966543e-05 2.843162e-02
423 4.854846e-07 6.350193e-03
424 6.651770e-05 3.814751e-02
425 6.121309e-05 1.021421e-02
426 1.173565e-03 1.221561e-01
427 9.596767e-04 5.320352e-02
428 4.468105e-06 8.988475e-03
429 2.672318e-07 8.343829e-03
430 6.252402e-07 8.347962e-03
431 1.837681e-06 8.696222e-03
432 4.854846e-07 6.350193e-03
433 1.895568e-04 2.083122e-02
434 3.702407e-06 8.477362e-03
435 4.201277e-06 1.168153e-02
436 4.595746e-04 2.504874e-02
437 1.895568e-04 2.083122e-02
438 1.503386e-06 8.865646e-03
439 1.061532e-03 4.908126e-02
440 1.067950e-06 2.841458e-02
441 5.023262e-07 6.188269e-03
442 7.963569e-03 5.727120e-01
443 1.224238e-02 1.888589e-01
444 9.589033e-03 5.889871e-01
445 1.741224e-03 9.967615e-02
446 4.373420e-07 4.359822e-03
447 5.756923e-05 9.351358e-03
448 4.028137e-07 3.824149e-03
449 2.508268e-06 3.309126e-03
450 2.214463e-06 5.334479e-03
451 3.438340e-04 2.526634e-02
452 5.108449e-05 1.447938e-02
453 1.314573e-04 2.021576e-02
454 4.919806e-05 7.843798e-03
455 5.229304e-05 9.548185e-03
456 1.589288e-07 3.634020e-03
457 3.748770e-07 3.553567e-03
458 7.849556e-06 4.831602e-03
459 1.273308e-03 8.167640e-02
460 4.786472e-04 4.332057e-02
461 5.595384e-05 1.450225e-02
462 1.467409e-04 3.663079e-02
463 6.790440e-05 1.159599e-02
464 7.789018e-06 4.923225e-03
465 8.732808e-06 5.074771e-03
466 3.239360e-06 4.768125e-03
467 2.433808e-05 6.741301e-03
468 5.325888e-05 7.959134e-03
469 3.239360e-06 4.768125e-03
470 1.154834e-06 4.769174e-03
471 2.185879e-05 8.222116e-03
472 2.099798e-05 5.492896e-03
473 2.957456e-06 4.770440e-03
474 8.881209e-06 7.364285e-03
475 5.201530e-05 1.612740e-02
476 6.520916e-04 2.932708e-02
477 3.372201e-04 2.099351e-02
478 6.930322e-04 5.061272e-02
479 6.787722e-04 3.097136e-02
480 2.791273e-03 8.714594e-02
481 1.174738e-03 1.146541e-01
482 1.649151e-05 6.630803e-03
483 9.108242e-05 7.050593e-03
484 3.739230e-05 6.125916e-03
485 9.866835e-05 9.727830e-03
486 4.159825e-05 5.436454e-03
487 3.917162e-04 8.605895e-02
488 1.035659e-03 5.785388e-02
489 1.298628e-02 3.783999e-01
490 3.726587e-05 9.044868e-03
491 8.736761e-04 3.547363e-02
492 1.365700e-05 7.010198e-03
493 2.606694e-04 1.810057e-02
494 1.431404e-03 6.304926e-02
495 2.081700e-04 1.589172e-02
496 2.488886e-06 5.290066e-03
497 9.654431e-05 1.251317e-02
498 4.437883e-05 1.559319e-02
499 4.956830e-04 5.624034e-02
500 6.079714e-06 7.204576e-03
