2 1.662421e-03 1.086317e-01
3 1.393612e-02 5.688664e-01
4 1.616923e-03 2.174179e-01
5 2.750200e-04 1.931714e-01
6 2.420799e-03 6.786003e-01
7 1.146679e-02 2.291958e-01
8 1.814084e-03 2.744796e-01
9 2.047234e-03 1.360843e-01
10 1.700353e-03 1.546816e-02
11 6.800751e-03 3.503385e-01
12 2.030199e-03 1.825825e-01
13 1.025358e-03 2.362578e-01
14 6.428736e-03 4.036676e-01
15 1.563466e-02 4.688166e-01
16 5.044150e-03 2.354985e-01
17 1.161752e-04 8.413513e-03
18 1.430053e-02 3.765621e-01
19 1.364109e-04 7.001922e-03
20 1.701604e-03 2.214032e-01
21 1.157744e-03 6.521661e-02
22 9.505503e-03 5.275749e-01
23 3.023851e-04 5.162983e-02
24 6.726184e-03 4.415121e-01
25 1.899930e-05 2.513404e-02
26 2.786746e-03 2.531336e-01
27 4.460418e-03 3.522079e-01
28 1.841639e-04 1.692939e-02
29 1.083470e-02 6.404614e-01
30 3.632157e-04 5.107434e-02
31 1.354703e-04 6.082368e-02
32 9.936789e-03 2.172771e-01
33 3.304161e-03 1.812914e-01
34 1.336902e-02 1.715493e-01
35 1.229546e-02 6.825245e-01
36 1.792919e-05 5.232980e-02
37 8.262665e-04 1.645562e-01
38 2.963149e-03 4.568962e-01
39 1.074725e-04 6.192853e-02
40 5.449393e-03 3.843397e-01
41 2.270283e-05 8.077879e-03
42 1.953477e-03 7.762426e-02
43 4.670487e-03 1.522824e-01
44 4.804177e-06 8.536152e-03
45 7.720842e-06 6.533669e-03
46 1.498165e-04 1.160268e-02
47 2.230583e-05 1.161752e-02
48 4.358116e-07 2.900695e-03
49 7.158505e-03 2.321879e-01
50 1.282210e-05 1.048934e-02
51 6.549696e-07 3.828696e-03
52 7.313394e-07 7.582837e-03
53 3.124424e-04 4.952196e-02
54 3.903225e-06 3.884072e-03
55 1.184793e-05 7.133478e-03
56 4.626892e-06 6.439695e-03
57 1.582515e-06 5.555493e-03
58 1.778228e-04 1.089435e-02
59 2.868306e-05 8.598933e-03
60 8.629728e-06 6.670175e-03
61 8.400887e-05 1.480811e-02
62 2.077101e-04 1.590568e-02
63 1.060481e-03 1.956733e-02
64 1.264438e-04 6.589512e-03
65 6.059110e-07 5.495747e-03
66 7.377751e-06 7.661189e-03
67 1.171009e-06 3.155298e-03
68 1.996639e-05 7.970845e-03
69 6.896077e-04 5.467277e-02
70 5.594750e-04 2.505429e-02
71 2.051373e-05 8.175693e-03
72 4.433238e-04 1.118600e-02
73 2.525786e-04 2.611457e-02
74 2.576942e-05 9.437737e-03
75 5.949032e-05 7.559544e-03
76 6.122380e-04 5.012019e-02
77 1.894484e-04 5.744733e-03
78 4.250409e-05 3.443157e-02
79 1.054540e-03 1.134438e-01
80 7.610030e-07 1.374345e-02
81 2.304315e-06 3.655445e-03
82 1.289882e-04 7.912110e-02
83 5.885867e-04 1.862727e-02
84 7.402313e-04 8.539988e-02
85 9.214222e-05 1.757229e-02
86 1.358649e-03 4.143087e-02
87 4.956498e-03 1.012334e-01
88 1.071714e-05 6.704286e-03
89 3.117433e-05 1.713003e-02
90 9.963098e-06 9.819492e-03
91 5.291514e-07 4.063274e-03
92 3.800099e-06 7.105872e-03
93 1.287573e-05 1.274567e-02
94 1.937566e-06 7.361978e-03
95 1.434610e-05 8.983846e-03
96 2.829207e-03 3.825963e-01
97 1.542979e-06 6.809422e-03
98 6.008273e-03 9.744284e-02
99 8.718342e-04 2.345011e-01
100 4.463716e-03 3.923154e-01
101 1.507814e-03 3.646680e-01
102 2.614797e-05 1.163493e-02
103 3.201153e-04 7.675045e-02
104 3.816457e-05 4.597633e-02
105 2.010665e-03 1.169568e-01
106 4.524760e-04 2.093071e-02
107 1.649526e-05 3.182492e-02
108 1.389162e-05 1.310997e-02
109 3.637115e-04 8.811761e-02
110 1.523793e-06 4.352185e-03
111 1.290663e-05 3.063011e-02
112 7.425195e-04 6.140225e-02
113 8.260589e-04 9.899501e-02
114 1.941915e-04 8.473440e-02
115 1.334860e-04 2.744332e-02
116 5.720535e-04 3.701851e-02
117 1.139866e-05 4.264858e-03
118 1.435147e-05 7.043227e-03
119 1.754209e-02 4.385550e-01
120 6.000238e-03 8.022429e-02
121 2.385223e-07 4.424245e-03
122 9.417418e-06 7.927725e-03
123 1.739641e-03 1.578211e-01
124 9.091774e-04 7.496959e-02
125 6.839997e-06 2.944236e-02
126 7.622449e-05 7.956182e-03
127 4.734163e-06 8.675049e-03
128 7.203322e-03 3.860566e-01
129 9.868223e-04 4.330974e-02
130 8.714010e-06 4.263299e-03
131 2.053209e-03 1.478419e-01
132 9.886726e-06 6.135447e-03
133 6.474533e-03 5.002870e-01
134 3.173063e-05 2.053108e-02
135 1.083517e-03 3.701389e-02
136 2.480758e-05 9.263526e-03
137 2.062152e-05 5.704787e-03
138 6.597726e-06 1.231292e-02
139 6.834360e-07 5.630918e-03
140 5.630911e-07 1.264165e-02
141 1.732052e-04 3.206893e-02
142 1.390966e-02 2.316778e-01
143 1.100224e-04 6.528918e-03
144 8.285701e-06 4.112229e-03
145 8.989839e-04 2.811723e-02
146 4.973377e-05 1.727657e-02
147 6.901017e-04 1.810499e-01
148 2.941493e-06 3.886256e-03
149 1.656900e-05 1.324140e-02
150 6.496078e-08 2.961166e-03
151 1.131065e-07 1.016064e-02
152 1.108551e-07 1.246800e-02
153 1.028692e-05 1.054589e-02
154 5.280309e-05 2.246125e-02
155 5.610841e-07 4.770742e-03
156 7.109137e-04 1.224982e-01
157 1.437548e-06 4.093793e-03
158 7.975903e-06 9.881833e-03
159 5.235472e-07 5.498410e-03
160 2.463900e-05 1.407461e-02
161 3.496528e-06 8.123884e-03
162 1.110196e-05 1.989932e-02
163 4.662803e-04 5.228170e-02
164 9.264762e-04 5.624616e-02
165 7.763309e-05 1.328157e-02
166 1.210124e-06 4.488669e-03
167 1.315253e-06 4.009996e-03
168 2.613139e-05 2.293095e-02
169 4.011626e-03 8.076167e-02
170 2.051095e-04 3.887889e-02
171 3.523484e-05 3.874850e-02
172 2.983577e-04 1.995709e-02
173 3.435548e-06 3.358118e-03
174 1.013790e-05 3.953527e-03
175 5.300297e-07 3.608588e-03
176 1.461084e-03 2.694921e-01
177 1.070859e-06 8.240424e-03
178 3.544220e-04 2.146178e-02
179 3.572794e-04 1.381333e-02
180 4.844833e-06 4.475197e-03
181 3.688452e-04 8.409182e-02
182 5.007335e-05 1.040262e-02
183 3.223271e-06 1.125834e-02
184 6.789052e-03 2.663709e-01
185 5.714259e-05 1.259928e-02
186 8.020097e-07 1.297040e-02
187 2.018326e-03 1.983235e-01
188 1.924780e-04 1.634220e-02
189 2.707645e-08 3.306852e-03
190 2.903121e-05 1.356257e-02
191 1.874534e-05 2.447458e-02
192 1.579595e-04 2.143038e-02
193 4.916518e-05 4.761542e-02
194 1.579595e-04 2.143038e-02
195 3.516459e-04 5.189708e-02
196 2.942152e-05 7.664511e-03
197 6.209538e-04 1.177345e-01
198 2.792559e-03 3.123156e-02
199 2.616766e-03 1.599852e-01
200 1.906100e-04 5.629788e-02
201 2.435135e-06 5.286430e-03
202 4.782732e-04 4.570369e-02
203 2.638754e-03 2.193201e-01
204 9.969024e-07 3.536528e-03
205 1.228660e-04 1.314331e-01
206 3.850412e-09 8.527734e-03
207 1.434283e-03 2.206020e-01
208 1.804504e-04 6.979667e-02
209 4.931527e-04 1.205246e-01
210 4.108559e-03 1.726532e-01
211 2.006463e-04 2.215344e-02
212 1.907356e-04 4.120103e-02
213 1.161542e-05 1.288926e-02
214 8.617922e-05 3.193865e-02
215 3.707604e-08 4.065755e-03
216 4.077510e-06 6.319367e-03
217 7.365661e-06 3.371479e-02
218 5.535474e-06 1.343279e-02
219 1.583483e-06 6.071129e-03
220 2.697689e-05 2.661789e-02
221 1.719417e-04 3.337951e-02
222 3.409592e-04 7.278112e-02
223 1.755298e-04 3.065639e-02
224 1.090054e-06 3.082674e-03
225 8.510799e-05 3.470323e-02
226 9.135680e-08 3.754273e-03
227 7.341632e-05 3.990218e-02
228 1.089727e-05 1.535584e-02
229 9.164811e-03 3.736823e-01
230 3.602398e-03 2.124255e-01
231 4.133943e-06 1.421421e-02
232 2.651239e-03 1.340278e-01
233 1.703429e-05 2.311043e-02
234 1.185782e-05 1.574862e-02
235 3.108061e-05 1.458819e-02
236 9.478804e-04 1.813671e-01
237 1.709542e-06 3.738068e-03
238 7.444440e-05 1.732191e-02
239 2.197208e-05 1.438227e-02
240 3.663011e-05 7.296072e-02
241 1.008476e-03 1.569973e-01
242 5.275526e-06 1.306199e-02
243 5.378769e-07 6.464947e-03
244 1.004125e-05 4.642569e-03
245 3.268310e-05 1.258492e-02
246 1.568433e-04 1.637926e-02
247 2.755645e-06 7.176425e-03
248 1.260154e-04 3.256889e-02
249 3.600988e-05 6.806166e-02
250 5.036923e-05 5.605130e-02
251 6.177140e-05 7.103996e-03
252 9.767348e-04 3.329490e-01
253 1.356014e-04 2.487683e-02
254 3.984265e-04 2.833964e-02
255 5.863628e-06 1.627855e-02
256 2.201973e-07 3.221690e-03
257 6.271682e-05 3.041918e-02
258 9.259730e-05 3.768178e-02
259 1.182965e-06 4.624692e-03
260 1.349243e-04 1.306465e-02
261 6.310540e-05 1.120251e-02
262 4.244959e-07 3.498607e-03
263 3.037425e-05 1.874163e-02
264 3.620784e-04 4.287664e-02
265 7.023297e-05 1.457527e-02
266 9.997264e-05 1.752199e-02
267 5.859775e-05 1.163804e-02
268 6.212514e-06 4.371686e-03
269 4.921783e-08 8.039866e-03
270 5.593569e-09 4.708370e-03
271 1.178773e-03 1.092379e-01
272 3.844489e-05 1.201033e-02
273 1.808084e-05 1.517804e-02
274 4.105480e-04 1.326846e-02
275 9.853766e-05 8.199833e-03
276 5.884667e-08 2.850539e-03
277 9.917185e-06 1.875975e-02
278 2.653311e-06 1.455231e-02
279 1.489232e-06 4.978314e-03
280 2.637587e-03 1.247530e-01
281 2.238745e-04 6.297558e-02
282 9.641738e-04 2.384521e-02
283 7.636110e-04 9.497549e-02
284 2.216545e-06 1.349051e-02
285 4.696162e-04 3.755332e-02
286 1.306269e-05 8.189674e-03
287 5.332826e-05 1.154907e-02
288 8.637318e-06 1.082543e-02
289 7.679756e-06 7.574353e-03
290 8.573221e-05 1.818248e-02
291 2.188112e-06 3.743745e-02
292 3.783061e-04 5.736010e-02
293 9.699842e-07 3.982206e-03
294 1.067077e-06 8.929157e-03
295 3.724093e-05 1.006125e-02
296 2.001288e-04 5.110173e-02
297 3.933565e-06 8.826849e-03
298 8.808283e-07 3.956818e-03
299 2.504277e-05 7.649951e-03
300 2.102171e-05 8.515758e-03
301 7.274139e-03 4.934705e-01
302 8.951958e-06 6.195252e-03
303 4.383209e-04 1.382949e-01
304 3.917392e-06 4.287519e-03
305 4.129222e-04 2.240253e-02
306 2.998362e-06 5.824104e-03
307 3.463017e-03 1.643202e-01
308 4.447020e-04 9.598607e-02
309 1.891132e-04 8.584871e-02
310 5.671999e-05 4.608647e-02
311 1.562975e-04 1.299834e-02
312 8.026824e-05 6.914437e-02
313 4.921209e-04 6.124082e-02
314 9.520419e-06 4.375497e-03
315 6.311222e-05 5.726146e-02
316 6.373662e-03 3.218928e-01
317 2.081816e-04 7.777452e-02
318 2.322224e-03 2.180693e-01
319 2.422041e-03 1.097247e-01
320 2.557568e-05 6.663951e-03
321 9.929940e-06 1.202598e-02
322 2.942838e-07 7.730164e-03
323 1.829376e-02 7.048898e-01
324 3.759754e-06 5.625317e-03
325 9.722105e-05 9.982931e-03
326 1.385936e-06 6.233003e-03
327 1.288527e-05 8.529739e-03
328 3.032347e-04 4.141408e-02
329 3.511260e-03 2.221969e-01
330 8.407768e-07 2.878577e-03
331 3.959787e-04 8.856687e-02
332 5.157593e-05 1.420863e-02
333 4.186990e-04 1.922462e-02
334 1.505285e-06 9.617226e-03
335 1.140302e-06 1.131425e-02
336 2.168905e-04 1.783429e-02
337 1.335258e-06 4.456574e-03
338 6.157997e-03 1.161592e-01
339 4.829680e-04 1.718375e-02
340 9.645606e-06 8.290002e-02
341 2.322747e-04 5.850274e-02
342 1.630427e-03 5.628795e-02
343 1.522812e-06 4.835046e-03
344 5.126640e-04 1.570434e-01
345 3.722210e-04 7.971704e-02
346 8.960777e-05 2.096630e-01
347 1.137887e-08 3.687271e-03
348 2.637093e-03 9.943012e-02
349 1.401814e-04 1.182427e-02
350 2.539749e-07 5.730841e-03
351 1.852077e-03 3.290095e-01
352 2.119994e-04 1.680877e-02
353 2.617896e-07 3.638000e-03
354 3.862372e-04 9.531928e-02
355 2.383339e-04 4.019939e-02
356 2.527610e-05 8.340421e-03
357 2.838839e-03 8.566330e-02
358 1.640352e-06 7.059793e-03
359 1.457872e-07 5.736126e-03
360 3.061361e-06 3.780474e-03
361 4.951034e-05 1.289743e-02
362 1.215753e-04 8.637897e-02
363 2.622665e-03 1.182089e-01
364 9.767319e-05 1.420657e-01
365 4.224129e-05 8.817551e-02
366 1.938741e-06 8.661985e-03
367 3.191271e-06 7.527569e-03
368 9.477787e-03 2.805091e-01
369 5.202527e-06 7.458543e-03
370 1.194492e-03 9.874427e-02
371 1.904967e-04 1.712260e-02
372 6.303269e-03 5.778837e-01
373 5.925066e-05 1.326362e-02
374 3.204649e-07 8.874295e-03
375 7.085929e-07 4.666851e-03
376 6.110382e-06 1.204743e-02
377 1.329501e-03 4.488906e-02
378 9.495412e-06 1.030185e-02
379 3.715823e-04 3.198665e-02
380 1.437930e-03 1.485465e-01
381 2.295047e-04 6.806268e-02
382 4.972557e-06 5.910494e-03
383 8.551760e-04 3.301468e-02
384 1.535326e-05 7.311946e-03
385 2.207153e-03 7.271997e-02
386 6.671858e-05 5.719102e-03
387 9.978165e-04 5.685201e-02
388 1.248493e-05 3.547058e-02
389 2.555062e-04 1.410132e-02
390 3.849288e-06 5.573269e-03
391 3.204424e-05 1.965288e-02
392 5.247860e-03 2.452243e-01
393 1.316846e-07 3.314829e-03
394 4.660062e-03 1.683969e-01
395 1.170955e-05 1.781692e-02
396 7.439003e-06 1.746979e-02
397 4.224101e-04 1.433602e-02
398 8.920186e-07 5.465228e-03
399 2.903016e-05 5.974232e-03
400 1.732622e-04 2.968270e-02
401 5.851282e-07 4.397951e-03
402 8.406045e-05 2.752486e-02
403 1.310755e-03 5.428088e-02
404 4.917546e-06 1.672057e-02
405 2.260532e-05 7.002658e-03
406 2.429304e-05 1.141096e-02
407 3.347023e-05 3.355141e-02
408 1.092787e-04 1.490526e-01
409 2.193732e-05 3.059587e-02
410 1.076475e-05 1.218869e-02
411 5.182656e-05 1.920168e-02
412 8.918862e-05 2.410862e-02
413 9.184286e-04 3.869585e-02
414 4.465356e-06 1.304398e-02
415 1.948603e-07 4.022559e-03
416 6.970861e-04 6.886937e-02
417 1.811127e-04 5.769519e-03
418 5.918216e-04 4.271334e-02
419 1.607658e-03 1.489952e-01
420 4.463227e-06 7.186049e-03
421 5.355454e-05 2.025937e-02
422 6.443994e-04 9.296925e-02
423 2.222378e-04 1.005138e-02
424 7.202936e-05 8.748538e-03
425 8.623569e-05 3.293479e-02
426 7.441818e-05 1.340906e-02
427 6.523854e-04 1.125517e-01
428 3.469832e-06 2.182778e-02
429 7.163409e-05 2.843076e-02
430 3.167501e-05 8.240336e-03
431 3.116822e-07 3.428277e-03
432 7.019314e-06 7.709114e-03
433 2.674684e-08 3.548661e-03
434 1.258224e-05 1.388942e-02
435 1.579017e-04 3.824226e-02
436 1.078354e-06 3.571025e-03
437 6.013749e-04 8.529457e-02
438 1.498276e-07 3.499809e-03
439 1.459412e-06 4.490429e-03
440 2.096830e-05 1.148194e-02
441 8.505571e-05 3.163519e-02
442 6.014675e-07 6.254595e-03
443 1.061421e-05 7.535522e-03
444 5.038668e-04 4.612160e-02
445 1.931141e-04 4.441388e-02
446 1.574397e-05 6.084246e-03
447 4.677728e-06 5.107381e-03
448 3.546009e-03 1.146014e-01
449 1.400555e-06 4.041053e-03
450 1.277021e-05 1.562954e-02
451 1.015489e-06 4.968424e-03
452 5.995616e-03 4.176033e-01
453 4.426864e-05 2.857488e-02
454 2.350291e-04 8.105681e-02
455 1.913559e-04 1.689901e-02
456 5.316176e-03 3.053951e-01
457 1.050343e-03 3.985927e-02
458 4.670454e-04 5.721303e-02
459 1.850747e-05 1.520216e-01
460 3.960241e-04 3.606359e-02
461 3.279473e-05 9.864386e-03
462 4.269076e-07 6.123672e-03
463 1.052082e-04 2.195758e-02
464 5.600039e-06 3.495850e-02
465 2.067409e-05 1.809754e-02
466 5.945276e-05 1.497872e-02
467 1.900827e-06 2.211221e-02
468 8.523532e-09 3.298319e-03
469 1.720040e-03 4.831553e-02
470 2.291878e-04 3.112343e-02
471 1.864570e-06 6.519634e-03
472 6.749584e-05 1.247818e-02
473 5.077793e-04 1.398019e-01
474 1.270010e-04 1.150487e-02
475 2.055470e-05 5.240619e-03
476 5.744641e-07 4.440126e-03
477 6.289111e-06 1.693325e-02
478 2.212352e-07 4.424158e-03
479 1.364361e-06 9.088585e-03
480 6.546717e-05 1.044083e-02
481 7.056133e-05 6.151347e-03
482 7.171861e-07 6.117980e-03
483 3.704919e-07 6.060180e-03
484 1.599077e-06 5.792124e-03
485 1.909200e-04 3.391886e-02
486 3.113142e-04 1.479812e-02
487 1.917555e-04 7.324036e-02
488 4.502796e-05 3.568523e-02
489 1.064554e-03 1.038037e-01
490 2.719600e-04 3.065337e-02
491 1.114344e-03 1.178596e-01
492 5.422484e-04 9.658171e-02
493 1.184647e-05 4.286011e-03
494 5.160148e-03 3.838827e-01
495 5.386611e-04 3.655267e-02
496 4.281283e-06 1.114552e-02
497 1.109167e-03 1.446033e-01
498 1.385381e-06 7.029524e-03
499 3.299890e-06 8.464908e-03
500 2.715256e-06 9.310097e-03
501 1.899602e-04 4.795817e-02
