2 4.450869e-04 1.864724e-01
3 2.978818e-03 8.885052e-01
4 4.068898e-03 3.586820e-01
5 5.736634e-05 1.980645e-01
6 6.433702e-03 8.258112e-01
7 3.167883e-03 5.707394e-01
8 5.477735e-03 3.913966e-01
9 8.105055e-03 2.544719e-01
10 5.796027e-03 1.534471e-01
11 8.635988e-03 6.259779e-01
12 1.735508e-02 4.060302e-01
13 1.064270e-02 4.234573e-01
14 3.316853e-03 6.472480e-01
15 8.684542e-03 7.678472e-01
16 9.197870e-03 4.462273e-01
17 1.755905e-04 2.424648e-02
18 6.832062e-03 7.515714e-01
19 1.198719e-05 8.667941e-03
20 4.455526e-04 2.412100e-01
21 5.799081e-03 1.660393e-01
22 1.309885e-02 9.604573e-01
23 8.269106e-03 2.373412e-01
24 2.218670e-02 7.405573e-01
25 4.259181e-06 2.632873e-02
26 4.112579e-03 5.065092e-01
27 5.615996e-03 6.023820e-01
28 1.610102e-05 1.880433e-02
29 1.727725e-02 1.009856e+00
30 1.908178e-05 5.526949e-02
31 1.882667e-06 6.338998e-02
32 6.478657e-03 3.802191e-01
33 5.678978e-04 2.281754e-01
34 2.074790e-03 4.363824e-01
35 6.227899e-03 1.134188e+00
36 1.673935e-04 5.670192e-02
37 1.267996e-03 2.996295e-01
38 4.839244e-03 7.497583e-01
39 1.911405e-03 9.556590e-02
40 7.816275e-03 8.008323e-01
41 8.867242e-07 8.165067e-03
42 1.794864e-03 1.873674e-01
43 7.434133e-03 3.968085e-01
44 2.648299e-08 8.556409e-03
45 5.548148e-08 6.558026e-03
46 3.408368e-05 1.282968e-02
47 3.527857e-07 1.169263e-02
48 6.608795e-09 2.902279e-03
49 1.881976e-03 3.345711e-01
50 5.372063e-07 1.063258e-02
51 1.271609e-09 3.830459e-03
52 1.161272e-08 7.585479e-03
53 1.631804e-06 5.150122e-02
54 3.952184e-09 3.895255e-03
55 4.688887e-07 7.243579e-03
56 6.836496e-08 6.470549e-03
57 8.799060e-09 5.563929e-03
58 6.241745e-06 1.256424e-02
59 4.234539e-07 8.755805e-03
60 4.152617e-08 6.721911e-03
61 2.575728e-06 1.533682e-02
62 1.209196e-05 1.825396e-02
63 3.832579e-05 2.494039e-02
64 6.065633e-06 7.226293e-03
65 1.961090e-08 5.502312e-03
66 5.852545e-08 7.699297e-03
67 1.883055e-08 3.164211e-03
68 1.500077e-06 8.140770e-03
69 2.605962e-05 6.242422e-02
70 1.601226e-04 5.059417e-02
71 1.410512e-07 8.249840e-03
72 6.872382e-04 2.663456e-02
73 1.395701e-06 2.724238e-02
74 1.682303e-07 9.537189e-03
75 2.318270e-06 7.942620e-03
76 4.028221e-06 5.234685e-02
77 3.241901e-06 8.246305e-03
78 2.933020e-06 3.479429e-02
79 1.076873e-03 1.406466e-01
80 1.272868e-08 1.375194e-02
81 7.814530e-08 3.668887e-03
82 7.005217e-05 8.312267e-02
83 9.517133e-06 2.029064e-02
84 7.380358e-04 9.585944e-02
85 1.054531e-04 1.851815e-02
86 6.227842e-04 6.496533e-02
87 2.362235e-03 4.693912e-01
88 1.033860e-08 6.753066e-03
89 8.868594e-06 1.824500e-02
90 2.226392e-06 1.005794e-02
91 1.996496e-08 4.074386e-03
92 4.642280e-07 7.144003e-03
93 3.131058e-08 1.278840e-02
94 2.771444e-08 7.375552e-03
95 1.029121e-06 9.131746e-03
96 3.467376e-03 5.958484e-01
97 2.099278e-07 6.832981e-03
98 4.268781e-04 1.835166e-01
99 1.862506e-03 3.108014e-01
100 5.277451e-03 8.965966e-01
101 4.361122e-03 5.630063e-01
102 3.280791e-07 1.170936e-02
103 1.945497e-03 1.160601e-01
104 2.910470e-06 4.655596e-02
105 3.203292e-04 1.317401e-01
106 2.094454e-03 3.889768e-02
107 2.410479e-07 3.192148e-02
108 4.108989e-05 1.571025e-02
109 5.966334e-04 1.205601e-01
110 1.094455e-08 4.370656e-03
111 1.201284e-06 3.085948e-02
112 2.599104e-05 7.315198e-02
113 5.517457e-04 1.676327e-01
114 3.385526e-06 8.656864e-02
115 7.194553e-05 3.210925e-02
116 6.972813e-04 8.195621e-02
117 1.612954e-07 4.372816e-03
118 2.963923e-07 7.157369e-03
119 5.219884e-04 5.619051e-01
120 3.567416e-03 2.596163e-01
121 1.204744e-09 4.425026e-03
122 2.769773e-08 7.986749e-03
123 1.050416e-03 2.410787e-01
124 7.476765e-05 1.076126e-01
125 9.591018e-06 2.969688e-02
126 1.598072e-07 8.676911e-03
127 3.721799e-07 8.731278e-03
128 1.385204e-03 5.169796e-01
129 1.337317e-03 9.023694e-02
130 8.382619e-07 4.347235e-03
131 2.344510e-03 1.939127e-01
132 3.089017e-07 6.167719e-03
133 8.887414e-03 6.788579e-01
134 1.597405e-05 2.199627e-02
135 2.219744e-04 4.840188e-02
136 3.279687e-07 9.448971e-03
137 1.312632e-07 5.831884e-03
138 2.124122e-07 1.235475e-02
139 8.823191e-09 5.635113e-03
140 4.122282e-08 1.265111e-02
141 2.307821e-06 3.394017e-02
142 3.253824e-03 4.171615e-01
143 2.784158e-05 8.802762e-03
144 8.285753e-06 4.400941e-03
145 9.013459e-05 3.981649e-02
146 3.344397e-05 1.801446e-02
147 2.863203e-03 2.277997e-01
148 5.479348e-08 3.940220e-03
149 2.147792e-06 1.350586e-02
150 7.439887e-08 2.969755e-03
151 1.872338e-09 1.016330e-02
152 2.136823e-10 1.246962e-02
153 3.855401e-07 1.076995e-02
154 4.044235e-05 2.375146e-02
155 8.894921e-08 4.780935e-03
156 2.849979e-03 1.720217e-01
157 4.424051e-08 4.107424e-03
158 1.881382e-07 9.932958e-03
159 9.798404e-07 5.523710e-03
160 7.891565e-05 1.612674e-02
161 2.048779e-06 8.282599e-03
162 1.598950e-05 2.153439e-02
163 7.929688e-04 7.410238e-02
164 1.618509e-03 1.022954e-01
165 1.061360e-04 1.800226e-02
166 1.246272e-07 4.513753e-03
167 3.669624e-07 4.038720e-03
168 1.664207e-05 2.405050e-02
169 3.150225e-04 1.390866e-01
170 5.288541e-03 1.146534e-01
171 6.088779e-05 4.087061e-02
172 4.840474e-04 1.268844e-01
173 1.081332e-05 3.969102e-03
174 2.884016e-05 6.325513e-03
175 7.310928e-09 3.614537e-03
176 2.107337e-03 3.967414e-01
177 6.042171e-09 8.246324e-03
178 1.356672e-05 2.813417e-02
179 1.210371e-05 2.036862e-02
180 4.850808e-07 4.554636e-03
181 2.019976e-04 1.225759e-01
182 6.522864e-05 1.822075e-02
183 3.977644e-06 1.148937e-02
184 5.072190e-03 4.960817e-01
185 5.465311e-06 1.366747e-02
186 4.382834e-07 1.299661e-02
187 3.061933e-03 3.315641e-01
188 3.283977e-04 2.229089e-02
189 5.868120e-11 3.307098e-03
190 6.748089e-08 1.369425e-02
191 3.657061e-06 2.508745e-02
192 9.095530e-05 2.885863e-02
193 1.271789e-07 4.788438e-02
194 9.095530e-05 2.885863e-02
195 5.272114e-04 7.393356e-02
196 3.710639e-07 7.776722e-03
197 2.498299e-03 1.596628e-01
198 1.894105e-03 1.665076e-01
199 1.751587e-03 2.155238e-01
200 7.357210e-04 9.528430e-02
201 1.028306e-07 5.299765e-03
202 2.819862e-04 9.401478e-02
203 1.023121e-02 4.135145e-01
204 8.513194e-08 3.558321e-03
205 1.931506e-04 2.028733e-01
206 3.120849e-10 8.527755e-03
207 2.023286e-03 2.568882e-01
208 8.099988e-06 7.246476e-02
209 1.762058e-03 1.711136e-01
210 3.427622e-04 2.053256e-01
211 6.782018e-04 9.291735e-02
212 3.060371e-04 6.097902e-02
213 1.710240e-05 1.378686e-02
214 7.265133e-04 4.729577e-02
215 8.768649e-09 4.066471e-03
216 5.320439e-05 7.425178e-03
217 3.258107e-05 3.400556e-02
218 8.798869e-07 1.368798e-02
219 1.202512e-07 6.082121e-03
220 1.930048e-03 3.721965e-02
221 2.230368e-04 3.650866e-02
222 2.211142e-04 8.824952e-02
223 2.722322e-04 4.086654e-02
224 2.128507e-07 3.124930e-03
225 2.234516e-05 3.724286e-02
226 2.348308e-10 3.754715e-03
227 1.771287e-05 4.179778e-02
228 1.420637e-05 1.615827e-02
229 3.833198e-04 5.391165e-01
230 1.847630e-03 3.703538e-01
231 1.735286e-07 1.432991e-02
232 9.686332e-04 1.912974e-01
233 1.578249e-06 2.347527e-02
234 1.959027e-05 1.639833e-02
235 9.719162e-05 1.810249e-02
236 4.305704e-03 4.232796e-01
237 4.445792e-08 3.754625e-03
238 8.066820e-06 1.881770e-02
239 1.417699e-05 1.554572e-02
240 2.263141e-04 8.059760e-02
241 1.763248e-03 2.658408e-01
242 1.061714e-06 1.336718e-02
243 1.354357e-06 6.506618e-03
244 2.256142e-06 5.001533e-03
245 1.339617e-06 1.316149e-02
246 2.938997e-03 4.424637e-02
247 1.681226e-06 7.389569e-03
248 3.222360e-03 8.948441e-02
249 2.164947e-05 6.878868e-02
250 1.229074e-05 5.749541e-02
251 2.734935e-06 8.046264e-03
252 6.350927e-04 3.782474e-01
253 3.593066e-05 3.280832e-02
254 5.791753e-04 1.314774e-01
255 5.035456e-07 1.635403e-02
256 5.295854e-08 3.228559e-03
257 1.846488e-05 3.651781e-02
258 8.338373e-04 6.697856e-02
259 1.776989e-08 4.635331e-03
260 6.541552e-04 2.602228e-02
261 8.495612e-05 1.566023e-02
262 5.009339e-09 3.500545e-03
263 1.436999e-05 2.045090e-02
264 4.216431e-06 4.640777e-02
265 2.043870e-03 5.037285e-02
266 1.215176e-04 2.822661e-02
267 6.119390e-06 1.256513e-02
268 1.233314e-06 4.731388e-03
269 1.937289e-07 8.057910e-03
270 7.962228e-11 4.708427e-03
271 1.461333e-04 2.044952e-01
272 4.993692e-05 1.356426e-02
273 5.175865e-05 1.979640e-02
274 4.548254e-03 8.743475e-02
275 1.678500e-04 2.174778e-02
276 3.370402e-08 2.858354e-03
277 5.745926e-06 1.919548e-02
278 4.979100e-06 1.527076e-02
279 5.202421e-06 5.246562e-03
280 8.308386e-03 4.233564e-01
281 2.379075e-04 6.946751e-02
282 6.912022e-04 1.054504e-01
283 1.487627e-03 1.693082e-01
284 3.707649e-06 1.361824e-02
285 3.676231e-03 8.838924e-02
286 2.765403e-05 8.662709e-03
287 3.919724e-04 2.927521e-02
288 5.325490e-06 1.111781e-02
289 1.647929e-06 7.801015e-03
290 1.324509e-05 1.890287e-02
291 4.607236e-07 3.756301e-02
292 6.051938e-04 6.979835e-02
293 1.307084e-08 3.988219e-03
294 8.272182e-10 8.934658e-03
295 5.818193e-07 1.028281e-02
296 6.201265e-06 5.284666e-02
297 1.444574e-05 9.211875e-03
298 5.060962e-09 3.963975e-03
299 2.206523e-06 7.784236e-03
300 7.379325e-07 8.794267e-03
301 1.567447e-03 9.336568e-01
302 2.822785e-05 7.690673e-03
303 1.650032e-03 2.299843e-01
304 5.935295e-05 5.101030e-03
305 1.021820e-04 5.351555e-02
306 5.193884e-05 7.889116e-03
307 1.793999e-03 3.770482e-01
308 4.451815e-05 1.443517e-01
309 5.007095e-05 9.944785e-02
310 1.196948e-05 4.824564e-02
311 1.126785e-03 4.676605e-02
312 1.336872e-03 1.006958e-01
313 1.709348e-03 1.080507e-01
314 1.479072e-05 5.377703e-03
315 1.908305e-05 5.777411e-02
316 9.612839e-03 6.493665e-01
317 1.911218e-03 1.288187e-01
318 4.778956e-04 2.739642e-01
319 3.937365e-03 2.967103e-01
320 3.507623e-05 1.063506e-02
321 6.162569e-05 1.555167e-02
322 2.127643e-07 7.769156e-03
323 3.041911e-03 1.049584e+00
324 3.340634e-07 5.708937e-03
325 1.403576e-06 1.169220e-02
326 3.167894e-06 6.484764e-03
327 3.632152e-05 1.136823e-02
328 1.863091e-04 5.227577e-02
329 2.246589e-03 4.734887e-01
330 6.787650e-08 2.889682e-03
331 7.046725e-04 1.033978e-01
332 7.214979e-05 1.584464e-02
333 1.589578e-05 2.416837e-02
334 5.225033e-06 9.817767e-03
335 1.487821e-06 1.140740e-02
336 2.774292e-04 2.268753e-02
337 5.804187e-09 4.472625e-03
338 2.904074e-03 4.924724e-01
339 1.218226e-03 5.689325e-02
340 1.708304e-05 8.383456e-02
341 5.952906e-03 1.187038e-01
342 3.259830e-04 7.872670e-02
343 9.578581e-08 4.852008e-03
344 3.100198e-04 1.844648e-01
345 1.843111e-04 1.054316e-01
346 1.289549e-04 2.152441e-01
347 5.778626e-10 3.687329e-03
348 5.835383e-04 1.660859e-01
349 3.919280e-04 2.078675e-02
350 1.661786e-09 5.734611e-03
351 3.673557e-03 6.030395e-01
352 2.164960e-07 1.866095e-02
353 1.473477e-09 3.640592e-03
354 7.538367e-03 1.659574e-01
355 3.515082e-04 4.918095e-02
356 1.094710e-05 9.620284e-03
357 2.635306e-04 1.298635e-01
358 8.778754e-09 7.066461e-03
359 2.270860e-07 5.746676e-03
360 5.808126e-08 3.831307e-03
361 3.379665e-04 1.760025e-02
362 5.794980e-05 8.893524e-02
363 5.074098e-03 2.759176e-01
364 3.677180e-04 1.587263e-01
365 5.410586e-06 8.874118e-02
366 1.371836e-06 8.958590e-03
367 3.319177e-05 8.985610e-03
368 9.102738e-04 4.250926e-01
369 1.163723e-06 7.598884e-03
370 1.540228e-04 1.355082e-01
371 2.389127e-04 3.617426e-02
372 2.148942e-03 7.713449e-01
373 2.199456e-06 1.573523e-02
374 7.201053e-08 8.880906e-03
375 3.240233e-09 4.669808e-03
376 1.536753e-06 1.244342e-02
377 1.174410e-02 2.033869e-01
378 9.742968e-07 1.056366e-02
379 1.625398e-05 3.419867e-02
380 1.742953e-03 1.956617e-01
381 5.351428e-04 8.769425e-02
382 2.427390e-06 6.078621e-03
383 9.904343e-04 8.727041e-02
384 5.274718e-05 9.832024e-03
385 5.254801e-04 1.639936e-01
386 1.364800e-05 6.999795e-03
387 1.210112e-04 6.402796e-02
388 1.766811e-07 3.552789e-02
389 5.663425e-05 1.869876e-02
390 4.601735e-08 5.586397e-03
391 5.885220e-05 2.091131e-02
392 2.994964e-03 4.072962e-01
393 3.805182e-10 3.315690e-03
394 1.515120e-04 2.707213e-01
395 2.446253e-06 1.812791e-02
396 5.060749e-08 1.755673e-02
397 3.462619e-05 1.718240e-02
398 1.952302e-07 5.497211e-03
399 6.428092e-06 7.336635e-03
400 1.213767e-03 4.108367e-02
401 1.001496e-08 4.407125e-03
402 2.446299e-05 2.975249e-02
403 2.267322e-05 6.392793e-02
404 2.306971e-06 1.694404e-02
405 1.310120e-07 7.155525e-03
406 4.437566e-06 1.212927e-02
407 2.850766e-04 3.819113e-02
408 2.801925e-05 1.580874e-01
409 2.800293e-05 3.129271e-02
410 6.170588e-06 1.382577e-02
411 2.203187e-06 1.979693e-02
412 5.565491e-05 2.832256e-02
413 1.354162e-03 8.122385e-02
414 2.650214e-06 1.374291e-02
415 2.807678e-09 4.025456e-03
416 2.529666e-03 1.342734e-01
417 6.733998e-06 9.180795e-03
418 2.220586e-03 1.253621e-01
419 2.535243e-03 2.237626e-01
420 2.069895e-04 8.916166e-03
421 4.887946e-06 2.061259e-02
422 1.825520e-03 1.376709e-01
423 1.191145e-04 2.764323e-02
424 8.372404e-06 9.764628e-03
425 2.966022e-04 4.984713e-02
426 6.031980e-08 1.372585e-02
427 3.159367e-04 1.221608e-01
428 2.115488e-06 2.213577e-02
429 2.349724e-04 3.775158e-02
430 2.701752e-06 8.783686e-03
431 3.383030e-08 3.439161e-03
432 4.096181e-06 8.167825e-03
433 1.505440e-10 3.548925e-03
434 6.819576e-06 1.424104e-02
435 6.947335e-03 9.849255e-02
436 4.331837e-08 3.598147e-03
437 3.923187e-04 1.475867e-01
438 1.975129e-09 3.500366e-03
439 1.172606e-07 4.548013e-03
440 8.461019e-06 1.193565e-02
441 2.061558e-03 6.277365e-02
442 7.328040e-09 6.261514e-03
443 8.528292e-07 7.954329e-03
444 6.321839e-04 7.668975e-02
445 7.469062e-06 5.495277e-02
446 6.833818e-05 7.734721e-03
447 1.969045e-07 5.191505e-03
448 5.569783e-03 4.964999e-01
449 3.122054e-07 4.074920e-03
450 6.847092e-06 1.595844e-02
451 2.080868e-07 4.991845e-03
452 5.612432e-04 5.068937e-01
453 1.314053e-05 2.986801e-02
454 9.647915e-05 9.776429e-02
455 6.609371e-04 1.047696e-01
456 5.232215e-04 4.417666e-01
457 2.234856e-04 6.012326e-02
458 6.603163e-04 7.941422e-02
459 3.089303e-07 1.522698e-01
460 1.943487e-04 4.856694e-02
461 1.231809e-06 1.030763e-02
462 2.797117e-07 6.139701e-03
463 2.731599e-04 3.902909e-02
464 8.192888e-08 3.503230e-02
465 2.831350e-05 1.854826e-02
466 2.257971e-04 2.857477e-02
467 4.370050e-07 2.213609e-02
468 2.234227e-11 3.298352e-03
469 3.657645e-04 8.409113e-02
470 1.993252e-05 3.967600e-02
471 4.246664e-07 6.543234e-03
472 1.326163e-05 1.346545e-02
473 2.508398e-03 2.065085e-01
474 1.149930e-03 3.419609e-02
475 3.744872e-04 1.194747e-02
476 8.084579e-07 4.477492e-03
477 1.685902e-04 2.125040e-02
478 1.538582e-08 4.431443e-03
479 6.379227e-07 9.128105e-03
480 7.803738e-05 1.188400e-02
481 9.307822e-05 1.287292e-02
482 1.090057e-07 6.123338e-03
483 4.375295e-09 6.062943e-03
484 6.135010e-08 5.820605e-03
485 4.072058e-04 4.052278e-02
486 2.038512e-04 6.249831e-02
487 1.851524e-03 1.392689e-01
488 4.407795e-06 3.630705e-02
489 4.334408e-03 2.997199e-01
490 2.776542e-05 3.498747e-02
491 4.806504e-04 1.742438e-01
492 8.900597e-05 1.079712e-01
493 1.127678e-06 4.528455e-03
494 1.117003e-02 7.553828e-01
495 5.532051e-03 1.303564e-01
496 1.097040e-06 1.121199e-02
497 1.419086e-03 1.737434e-01
498 1.475847e-06 7.082305e-03
499 4.240205e-06 8.547192e-03
500 6.933743e-07 9.331798e-03
501 8.531522e-03 1.807723e-01
